date,close[t],PE Ratio[t],Revenue_Amount(Millions)[t],Interest Rate(%)[t],close[t-1],PE Ratio[t-1],Revenue_Amount(Millions)[t-1],Interest Rate(%)[t-1],close[t-1]_7_min,close[t-1]_7_max,close[t-1]_7_mean,close[t-1]_7_std,close[t-1]_14_min,close[t-1]_14_max,close[t-1]_14_mean,close[t-1]_14_std
2012-01-24,55.926,0.0,381,0.1041758241758241,55.935,0.0,381,0.1041758241758241,55.566,56.706,55.958000000000006,0.36299357202756743,55.916,57.029,56.45542857142857,0.33981360436905367
2012-01-25,56.64,0.0,381,0.1041758241758241,55.926,0.0,381,0.1041758241758241,55.566,56.056,55.84657142857143,0.15555905324865238,55.916,56.706,56.409285714285716,0.2619597388185945
2012-01-26,56.991,0.0,381,0.1041758241758241,56.64,0.0,381,0.1041758241758241,55.566,56.64,55.93,0.3371789831330926,55.916,56.706,56.34985714285715,0.2909446846460865
2012-01-27,57.029,0.0,381,0.1041758241758241,56.991,0.0,381,0.1041758241758241,55.566,56.991,56.099000000000004,0.5152746840278509,55.808,56.706,56.254999999999995,0.3472746271564725
2012-01-30,56.612,0.0,381,0.1041758241758241,57.029,0.0,381,0.1041758241758241,55.566,57.029,56.264714285714284,0.6072917240463939,55.808,56.706,56.19128571428571,0.3742943201482466
2012-01-31,56.74,0.0,381,0.1041758241758241,56.612,0.0,381,0.1041758241758241,55.766,57.029,56.414142857142856,0.5305536192102995,55.566,56.706,56.14128571428571,0.43556044903308677
2012-02-01,57.426,0.0,381,0.1041758241758241,56.74,0.0,381,0.1041758241758241,55.926,57.029,56.553285714285714,0.4545128213394091,55.566,56.706,56.06014285714286,0.44644687200585126
2012-02-02,57.521,0.0,381,0.1041758241758241,57.426,0.0,381,0.1041758241758241,55.926,57.426,56.76628571428572,0.46570044530997606,55.566,56.706,55.958000000000006,0.36299357202756743
2012-02-03,58.001,0.0,381,0.1041758241758241,57.521,0.0,381,0.1041758241758241,56.612,57.521,56.994142857142855,0.3654547069845286,55.566,56.056,55.84657142857143,0.15555905324865238
2012-02-06,57.734,0.0,381,0.1041758241758241,58.001,0.0,381,0.1041758241758241,56.612,58.001,57.18857142857143,0.4873516379859848,55.566,56.64,55.93,0.3371789831330926
2012-02-07,57.629,0.0,381,0.1041758241758241,57.734,0.0,381,0.1041758241758241,56.612,58.001,57.294714285714285,0.5171497894826107,55.566,56.991,56.099000000000004,0.5152746840278509
2012-02-08,57.301,0.0,381,0.1041758241758241,57.629,0.0,381,0.1041758241758241,56.612,58.001,57.380428571428574,0.5154896885948577,55.566,57.029,56.264714285714284,0.6072917240463939
2012-02-09,57.469,0.0,381,0.1041758241758241,57.301,0.0,381,0.1041758241758241,56.74,58.001,57.478857142857144,0.3963136083841706,55.766,57.029,56.414142857142856,0.5305536192102995
2012-02-10,57.357,0.0,381,0.1041758241758241,57.469,0.0,381,0.1041758241758241,57.301,58.001,57.583000000000006,0.23117597914432825,55.926,57.029,56.553285714285714,0.4545128213394091
2012-02-13,57.91,0.0,381,0.1041758241758241,57.357,0.0,381,0.1041758241758241,57.301,58.001,57.573142857142855,0.2402779144875409,55.926,57.426,56.76628571428572,0.46570044530997606
2012-02-14,58.28,0.0,381,0.1041758241758241,57.91,0.0,381,0.1041758241758241,57.301,58.001,57.62871428571429,0.2694245189818043,56.612,57.521,56.994142857142855,0.3654547069845286
2012-02-15,58.225,0.0,381,0.1041758241758241,58.28,0.0,381,0.1041758241758241,57.301,58.28,57.66857142857143,0.34399460128654785,56.612,58.001,57.18857142857143,0.4873516379859848
2012-02-16,58.941,0.0,381,0.1041758241758241,58.225,0.0,381,0.1041758241758241,57.301,58.28,57.73871428571429,0.40432771950722085,56.612,58.001,57.294714285714285,0.5171497894826107
2012-02-17,58.355,0.0,381,0.1041758241758241,58.941,0.0,381,0.1041758241758241,57.301,58.941,57.92614285714286,0.6011700892347189,56.612,58.001,57.380428571428574,0.5154896885948577
2012-02-21,57.891,0.0,381,0.1041758241758241,58.355,0.0,381,0.1041758241758241,57.357,58.941,58.07671428571428,0.5481553047223389,56.74,58.001,57.478857142857144,0.3963136083841706
2012-02-22,57.815,0.0,381,0.1041758241758241,57.891,0.0,381,0.1041758241758241,57.357,58.941,58.137,0.49033627916631717,57.301,58.001,57.583000000000006,0.23117597914432825
2012-02-23,55.174,0.0,381,0.1041758241758241,57.815,0.0,381,0.1041758241758241,57.815,58.941,58.20242857142857,0.3889935120036766,57.301,58.001,57.573142857142855,0.2402779144875409
2012-02-24,56.201,0.0,381,0.1041758241758241,55.174,0.0,381,0.1041758241758241,55.174,58.941,57.811571428571426,1.2195884356539972,57.301,58.001,57.62871428571429,0.2694245189818043
2012-02-27,55.668,0.0,381,0.1041758241758241,56.201,0.0,381,0.1041758241758241,55.174,58.941,57.51457142857142,1.334255579857537,57.301,58.28,57.66857142857143,0.34399460128654785
2012-02-28,55.408,0.0,381,0.1041758241758241,55.668,0.0,381,0.1041758241758241,55.174,58.941,57.14928571428572,1.452154114213986,57.301,58.28,57.73871428571429,0.40432771950722085
2012-02-29,54.966,0.0,381,0.1041758241758241,55.408,0.0,381,0.1041758241758241,55.174,58.355,56.64457142857143,1.3348651438931962,57.301,58.941,57.92614285714286,0.6011700892347189
2012-03-01,54.776,0.0,381,0.1041758241758241,54.966,0.0,381,0.1041758241758241,54.966,57.891,56.160428571428575,1.220823882622315,57.357,58.941,58.07671428571428,0.5481553047223389
2012-03-02,54.531,0.0,381,0.1041758241758241,54.776,0.0,381,0.1041758241758241,54.776,57.815,55.71542857142857,1.0390745653614288,57.357,58.941,58.137,0.49033627916631717
2012-03-05,54.903,0.0,381,0.1041758241758241,54.531,0.0,381,0.1041758241758241,54.531,56.201,55.24628571428571,0.5674594594289082,57.815,58.941,58.20242857142857,0.3889935120036766
2012-03-06,54.157,0.0,381,0.1041758241758241,54.903,0.0,381,0.1041758241758241,54.531,56.201,55.207571428571434,0.5822642175574002,55.174,58.941,57.811571428571426,1.2195884356539972
2012-03-07,54.102,0.0,381,0.1041758241758241,54.157,0.0,381,0.1041758241758241,54.157,55.668,54.915571428571425,0.5089436305208519,55.174,58.941,57.51457142857142,1.334255579857537
2012-03-08,54.672,0.0,381,0.1041758241758241,54.102,0.0,381,0.1041758241758241,54.102,55.408,54.69185714285714,0.4653949679472397,55.174,58.941,57.14928571428572,1.452154114213986
2012-03-09,55.418,0.0,381,0.1041758241758241,54.672,0.0,381,0.1041758241758241,54.102,54.966,54.58671428571428,0.34392427184199226,55.174,58.355,56.64457142857143,1.3348651438931962
2012-03-12,54.757,0.0,381,0.1041758241758241,55.418,0.0,381,0.1041758241758241,54.102,55.418,54.65128571428571,0.4523448958063317,54.966,57.891,56.160428571428575,1.220823882622315
2012-03-13,55.779,0.0,381,0.1041758241758241,54.757,0.0,381,0.1041758241758241,54.102,55.418,54.64857142857143,0.4515280933095473,54.776,57.815,55.71542857142857,1.0390745653614288
2012-03-14,55.111,0.0,381,0.1041758241758241,55.779,0.0,381,0.1041758241758241,54.102,55.779,54.82685714285714,0.6143846321243757,54.531,56.201,55.24628571428571,0.5674594594289082
2012-03-15,56.284,0.0,381,0.1041758241758241,55.111,0.0,381,0.1041758241758241,54.102,55.779,54.85657142857143,0.6236411513959066,54.531,56.201,55.207571428571434,0.5822642175574002
2012-03-16,56.294,0.0,381,0.1041758241758241,56.284,0.0,381,0.1041758241758241,54.102,56.284,55.16042857142857,0.7343270972219361,54.157,55.668,54.915571428571425,0.5089436305208519
2012-03-19,56.255,0.0,381,0.1041758241758241,56.294,0.0,381,0.1041758241758241,54.672,56.294,55.47357142857142,0.6725228266616992,54.102,55.408,54.69185714285714,0.4653949679472397
2012-03-20,55.798,0.0,381,0.1041758241758241,56.255,0.0,381,0.1041758241758241,54.757,56.294,55.699714285714286,0.6223412017765223,54.102,54.966,54.58671428571428,0.34392427184199226
2012-03-21,55.474,0.0,381,0.1041758241758241,55.798,0.0,381,0.1041758241758241,54.757,56.294,55.754000000000005,0.6101256701151037,54.102,55.418,54.65128571428571,0.4523448958063317
2012-03-22,55.148,0.0,381,0.1041758241758241,55.474,0.0,381,0.1041758241758241,55.111,56.294,55.85642857142857,0.4554246579267348,54.102,55.418,54.64857142857143,0.4515280933095473
2012-03-23,55.323,0.0,381,0.1041758241758241,55.148,0.0,381,0.1041758241758241,55.111,56.294,55.76628571428571,0.5296957347653837,54.102,55.779,54.82685714285714,0.6143846321243757
2012-03-26,56.593,0.0,381,0.1041758241758241,55.323,0.0,381,0.1041758241758241,55.148,56.294,55.79657142857143,0.4906029817625973,54.102,55.779,54.85657142857143,0.6236411513959066
2012-03-27,57.564,0.0,381,0.1041758241758241,56.593,0.0,381,0.1041758241758241,55.148,56.593,55.840714285714284,0.551848322846628,54.102,56.284,55.16042857142857,0.7343270972219361
2012-03-28,57.863,0.0,381,0.1041758241758241,57.564,0.0,381,0.1041758241758241,55.148,57.564,56.02214285714286,0.8525501800620698,54.672,56.294,55.47357142857142,0.6725228266616992
2012-03-29,57.228,0.0,381,0.1041758241758241,57.863,0.0,381,0.1041758241758241,55.148,57.863,56.25185714285714,1.1050039862027001,54.757,56.294,55.699714285714286,0.6223412017765223
2012-03-30,57.029,0.0,381,0.1041758241758241,57.228,0.0,381,0.1041758241758241,55.148,57.863,56.456142857142865,1.13878172163231,54.757,56.294,55.754000000000005,0.6101256701151037
2012-04-02,57.117,0.0,383,0.1523076923076923,57.029,0.0,381,0.1041758241758241,55.148,57.863,56.678285714285714,1.0645086056150967,55.111,56.294,55.85642857142857,0.4554246579267348
2012-04-03,58.478,0.0,383,0.1523076923076923,57.117,0.0,383,0.1523076923076923,55.323,57.863,56.95957142857144,0.826227946179281,55.111,56.294,55.76628571428571,0.5296957347653837
2012-04-04,57.526,0.0,383,0.1523076923076923,58.478,0.0,383,0.1523076923076923,56.593,58.478,57.410285714285706,0.619296836281733,55.148,56.294,55.79657142857143,0.4906029817625973
2012-04-05,57.657,0.0,383,0.1523076923076923,57.526,0.0,383,0.1523076923076923,57.029,58.478,57.54357142857143,0.5036946353836546,55.148,56.593,55.840714285714284,0.551848322846628
2012-04-09,57.071,0.0,383,0.1523076923076923,57.657,0.0,383,0.1523076923076923,57.029,58.478,57.55685714285715,0.5055463805202537,55.148,57.564,56.02214285714286,0.8525501800620698
2012-04-10,56.332,0.0,383,0.1523076923076923,57.071,0.0,383,0.1523076923076923,57.029,58.478,57.443714285714286,0.5141639538401767,55.148,57.863,56.25185714285714,1.1050039862027001
2012-04-11,56.488,0.0,383,0.1523076923076923,56.332,0.0,383,0.1523076923076923,56.332,58.478,57.315714285714286,0.6659423684488289,55.148,57.863,56.456142857142865,1.13878172163231
2012-04-12,57.173,0.0,383,0.1523076923076923,56.488,0.0,383,0.1523076923076923,56.332,58.478,57.23842857142857,0.7327993943644837,55.148,57.863,56.678285714285714,1.0645086056150967
2012-04-13,56.255,0.0,383,0.1523076923076923,57.173,0.0,383,0.1523076923076923,56.332,58.478,57.24642857142857,0.7315574384245486,55.323,57.863,56.95957142857144,0.826227946179281
2012-04-16,56.433,0.0,383,0.1523076923076923,56.255,0.0,383,0.1523076923076923,56.255,57.657,56.92885714285713,0.5731868306731773,56.593,58.478,57.410285714285706,0.619296836281733
2012-04-17,57.281,0.0,383,0.1523076923076923,56.433,0.0,383,0.1523076923076923,56.255,57.657,56.77271428571429,0.5307054155511005,57.029,58.478,57.54357142857143,0.5036946353836546
2012-04-18,57.936,0.0,383,0.1523076923076923,57.281,0.0,383,0.1523076923076923,56.255,57.281,56.718999999999994,0.4370518657246139,57.029,58.478,57.55685714285715,0.5055463805202537
2012-04-19,58.179,0.0,383,0.1523076923076923,57.936,0.0,383,0.1523076923076923,56.255,57.936,56.84257142857143,0.6319786012049585,57.029,58.478,57.443714285714286,0.5141639538401767
2012-04-20,58.235,0.0,383,0.1523076923076923,58.179,0.0,383,0.1523076923076923,56.255,58.179,57.10642857142857,0.7565707407204506,56.332,58.478,57.315714285714286,0.6659423684488289
2012-04-23,57.246,0.0,383,0.1523076923076923,58.235,0.0,383,0.1523076923076923,56.255,58.235,57.356,0.8051515385317152,56.332,58.478,57.23842857142857,0.7327993943644837
2012-04-24,57.759,0.0,383,0.1523076923076923,57.246,0.0,383,0.1523076923076923,56.255,58.235,57.36642857142857,0.8028557066585957,56.332,58.478,57.24642857142857,0.7315574384245486
2012-04-25,58.113,0.0,383,0.1523076923076923,57.759,0.0,383,0.1523076923076923,56.433,58.235,57.58128571428572,0.6407232148870625,56.255,57.657,56.92885714285713,0.5731868306731773
2012-04-26,58.543,0.0,383,0.1523076923076923,58.113,0.0,383,0.1523076923076923,57.246,58.235,57.82128571428571,0.4131419103591391,56.255,57.657,56.77271428571429,0.5307054155511005
2012-04-27,58.83,0.0,383,0.1523076923076923,58.543,0.0,383,0.1523076923076923,57.246,58.543,58.00157142857143,0.41343272614485893,56.255,57.281,56.718999999999994,0.4370518657246139
2012-04-30,58.445,0.0,383,0.1523076923076923,58.83,0.0,383,0.1523076923076923,57.246,58.83,58.12928571428571,0.5153279584515544,56.255,57.936,56.84257142857143,0.6319786012049585
2012-05-01,59.376,0.0,383,0.1523076923076923,58.445,0.0,383,0.1523076923076923,57.246,58.83,58.16728571428571,0.5292248149528183,56.255,58.179,57.10642857142857,0.7565707407204506
2012-05-02,58.983,0.0,383,0.1523076923076923,59.376,0.0,383,0.1523076923076923,57.246,59.376,58.330285714285715,0.7012958753349654,56.255,58.235,57.356,0.8051515385317152
2012-05-03,58.566,0.0,383,0.1523076923076923,58.983,0.0,383,0.1523076923076923,57.759,59.376,58.578428571428574,0.543174575111481,56.255,58.235,57.36642857142857,0.8028557066585957
2012-05-04,57.695,0.0,383,0.1523076923076923,58.566,0.0,383,0.1523076923076923,58.113,59.376,58.693714285714286,0.4094482931480106,56.433,58.235,57.58128571428572,0.6407232148870625
2012-05-07,58.012,0.0,383,0.1523076923076923,57.695,0.0,383,0.1523076923076923,57.695,59.376,58.634,0.5229926704393185,57.246,58.235,57.82128571428571,0.4131419103591391
2012-05-08,57.964,0.0,383,0.1523076923076923,58.012,0.0,383,0.1523076923076923,57.695,59.376,58.558142857142855,0.5743765978784265,57.246,58.543,58.00157142857143,0.41343272614485893
2012-05-09,57.281,0.0,383,0.1523076923076923,57.964,0.0,383,0.1523076923076923,57.695,59.376,58.43442857142857,0.5988062728302681,57.246,58.83,58.12928571428571,0.5153279584515544
2012-05-10,57.526,0.0,383,0.1523076923076923,57.281,0.0,383,0.1523076923076923,57.281,59.376,58.268142857142855,0.7402863024018093,57.246,58.83,58.16728571428571,0.5292248149528183
2012-05-11,57.039,0.0,383,0.1523076923076923,57.526,0.0,383,0.1523076923076923,57.281,58.983,58.00385714285714,0.5947888781103388,57.246,59.376,58.330285714285715,0.7012958753349654
2012-05-14,56.877,0.0,383,0.1523076923076923,57.039,0.0,383,0.1523076923076923,57.039,58.566,57.726142857142854,0.5090833031280545,57.759,59.376,58.578428571428574,0.543174575111481
2012-05-15,56.383,0.0,383,0.1523076923076923,56.877,0.0,383,0.1523076923076923,56.877,58.012,57.484857142857145,0.4402928679002021,58.113,59.376,58.693714285714286,0.4094482931480106
2012-05-16,56.194,0.0,383,0.1523076923076923,56.383,0.0,383,0.1523076923076923,56.383,58.012,57.29742857142857,0.5897979476461455,57.695,59.376,58.634,0.5229926704393185
2012-05-17,55.237,0.0,383,0.1523076923076923,56.194,0.0,383,0.1523076923076923,56.194,57.964,57.03771428571429,0.6220867341150309,57.695,59.376,58.558142857142855,0.5743765978784265
2012-05-18,54.506,0.0,383,0.1523076923076923,55.237,0.0,383,0.1523076923076923,55.237,57.526,56.648142857142865,0.7793327121265328,57.695,59.376,58.43442857142857,0.5988062728302681
2012-05-21,55.519,0.0,383,0.1523076923076923,54.506,0.0,383,0.1523076923076923,54.506,57.526,56.251714285714286,1.0592714027868142,57.281,59.376,58.268142857142855,0.7402863024018093
2012-05-22,55.227,0.0,383,0.1523076923076923,55.519,0.0,383,0.1523076923076923,54.506,57.039,55.964999999999996,0.9192357332770456,57.281,58.983,58.00385714285714,0.5947888781103388
2012-05-23,55.247,0.0,383,0.1523076923076923,55.227,0.0,383,0.1523076923076923,54.506,56.877,55.706142857142865,0.8156883450133056,57.039,58.566,57.726142857142854,0.5090833031280545
2012-05-24,55.348,0.0,383,0.1523076923076923,55.247,0.0,383,0.1523076923076923,54.506,56.383,55.473285714285716,0.6393269154055572,56.877,58.012,57.484857142857145,0.4402928679002021
2012-05-25,56.248,0.0,383,0.1523076923076923,55.348,0.0,383,0.1523076923076923,54.506,56.194,55.32542857142857,0.4979152729608781,56.383,58.012,57.29742857142857,0.5897979476461455
2012-05-29,56.886,0.0,383,0.1523076923076923,56.248,0.0,383,0.1523076923076923,54.506,56.248,55.33314285714285,0.5137805720252185,56.194,57.964,57.03771428571429,0.6220867341150309
2012-05-30,55.951,0.0,383,0.1523076923076923,56.886,0.0,383,0.1523076923076923,54.506,56.886,55.568714285714286,0.7743263124131254,55.237,57.526,56.648142857142865,0.7793327121265328
2012-05-31,55.704,0.0,383,0.1523076923076923,55.951,0.0,383,0.1523076923076923,55.227,56.886,55.77514285714286,0.6212861467878822,54.506,57.526,56.251714285714286,1.0592714027868142
2012-06-01,54.366,0.0,383,0.1523076923076923,55.704,0.0,383,0.1523076923076923,55.227,56.886,55.80157142857143,0.612446149236275,54.506,57.039,55.964999999999996,0.9192357332770456
2012-06-04,54.139,0.0,383,0.1523076923076923,54.366,0.0,383,0.1523076923076923,54.366,56.886,55.67857142857143,0.8036761074676463,54.506,56.877,55.706142857142865,0.8156883450133056
2012-06-05,54.619,0.0,383,0.1523076923076923,54.139,0.0,383,0.1523076923076923,54.139,56.886,55.52028571428572,0.9902876205570995,54.506,56.383,55.473285714285716,0.6393269154055572
2012-06-06,55.472,0.0,383,0.1523076923076923,54.619,0.0,383,0.1523076923076923,54.139,56.886,55.41614285714286,1.0480721076611192,54.506,56.194,55.32542857142857,0.4979152729608781
2012-06-07,55.586,0.0,383,0.1523076923076923,55.472,0.0,383,0.1523076923076923,54.139,56.886,55.305285714285716,0.9845336822215163,54.506,56.248,55.33314285714285,0.5137805720252185
2012-06-08,55.951,0.0,383,0.1523076923076923,55.586,0.0,383,0.1523076923076923,54.139,55.951,55.119571428571426,0.7250923750675153,54.506,56.886,55.568714285714286,0.7743263124131254
2012-06-11,55.677,0.0,383,0.1523076923076923,55.951,0.0,383,0.1523076923076923,54.139,55.951,55.119571428571426,0.7250923750675153,55.227,56.886,55.77514285714286,0.6212861467878822
2012-06-12,55.875,0.0,383,0.1523076923076923,55.677,0.0,383,0.1523076923076923,54.139,55.951,55.11571428571428,0.72152840421936,55.227,56.886,55.80157142857143,0.612446149236275
2012-06-13,55.407,0.0,383,0.1523076923076923,55.875,0.0,383,0.1523076923076923,54.139,55.951,55.331285714285706,0.6846855030561984,54.366,56.886,55.67857142857143,0.8036761074676463
2012-06-14,55.33,0.0,383,0.1523076923076923,55.407,0.0,383,0.1523076923076923,54.619,55.951,55.51242857142857,0.4410713688067059,54.139,56.886,55.52028571428572,0.9902876205570995
2012-06-15,55.604,0.0,383,0.1523076923076923,55.33,0.0,383,0.1523076923076923,55.33,55.951,55.614,0.23456058208217453,54.139,56.886,55.41614285714286,1.0480721076611192
2012-06-18,56.74,0.0,383,0.1523076923076923,55.604,0.0,383,0.1523076923076923,55.33,55.951,55.63285714285714,0.22640629303062745,54.139,56.886,55.305285714285716,0.9845336822215163
2012-06-19,57.095,0.0,383,0.1523076923076923,56.74,0.0,383,0.1523076923076923,55.33,56.74,55.797714285714285,0.4727373175756518,54.139,55.951,55.119571428571426,0.7250923750675153
2012-06-20,57.29,0.0,383,0.1523076923076923,57.095,0.0,383,0.1523076923076923,55.33,57.095,55.96114285714285,0.6847596728224074,54.139,55.951,55.119571428571426,0.7250923750675153
2012-06-21,56.345,0.0,383,0.1523076923076923,57.29,0.0,383,0.1523076923076923,55.33,57.29,56.19157142857143,0.8293388646271082,54.139,55.951,55.11571428571428,0.72152840421936
2012-06-22,57.0,0.0,383,0.1523076923076923,56.345,0.0,383,0.1523076923076923,55.33,57.29,56.25871428571429,0.8183910463598254,54.139,55.951,55.331285714285706,0.6846855030561984
2012-06-25,56.23,0.0,383,0.1523076923076923,57.0,0.0,383,0.1523076923076923,55.33,57.29,56.486285714285714,0.7615936611881159,54.619,55.951,55.51242857142857,0.4410713688067059
2012-06-26,55.98,0.0,383,0.1523076923076923,56.23,0.0,383,0.1523076923076923,55.604,57.29,56.61485714285714,0.5906381939821396,55.33,55.951,55.614,0.23456058208217453
2012-06-27,56.569,0.0,383,0.1523076923076923,55.98,0.0,383,0.1523076923076923,55.98,57.29,56.66857142857143,0.49229661016602366,55.33,55.951,55.63285714285714,0.22640629303062745
2012-06-28,56.521,0.0,383,0.1523076923076923,56.569,0.0,383,0.1523076923076923,55.98,57.29,56.64414285714286,0.49240411200945094,55.33,56.74,55.797714285714285,0.4727373175756518
2012-06-29,57.124,0.0,383,0.1523076923076923,56.521,0.0,383,0.1523076923076923,55.98,57.29,56.56214285714285,0.4508500965108238,55.33,57.095,55.96114285714285,0.6847596728224074
2012-07-02,57.677,0.0,368,0.1443478260869565,57.124,0.0,383,0.1523076923076923,55.98,57.124,56.538428571428575,0.4085677655513588,55.33,57.29,56.19157142857143,0.8293388646271082
2012-07-03,57.188,0.0,368,0.1443478260869565,57.677,0.0,368,0.1443478260869565,55.98,57.677,56.72871428571428,0.5783648543626311,55.33,57.29,56.25871428571429,0.8183910463598254
2012-07-05,56.905,0.0,368,0.1443478260869565,57.188,0.0,368,0.1443478260869565,55.98,57.677,56.75557142857143,0.5971227838959258,55.33,57.29,56.486285714285714,0.7615936611881159
2012-07-06,56.784,0.0,368,0.1443478260869565,56.905,0.0,368,0.1443478260869565,55.98,57.677,56.852,0.5508097070071747,55.604,57.29,56.61485714285714,0.5906381939821396
2012-07-09,57.319,0.0,368,0.1443478260869565,56.784,0.0,368,0.1443478260869565,56.521,57.677,56.966857142857144,0.40254251476144276,55.98,57.29,56.66857142857143,0.49229661016602366
2012-07-10,56.972,0.0,368,0.1443478260869565,57.319,0.0,368,0.1443478260869565,56.521,57.677,57.074,0.37806525010018854,55.98,57.29,56.64414285714286,0.49240411200945094
2012-07-11,57.162,0.0,368,0.1443478260869565,56.972,0.0,368,0.1443478260869565,56.784,57.677,57.13842857142858,0.2980877147992963,55.98,57.29,56.56214285714285,0.4508500965108238
2012-07-12,57.068,0.0,368,0.1443478260869565,57.162,0.0,368,0.1443478260869565,56.784,57.677,57.143857142857144,0.298127170052966,55.98,57.124,56.538428571428575,0.4085677655513588
2012-07-13,57.77,0.0,368,0.1443478260869565,57.068,0.0,368,0.1443478260869565,56.784,57.319,57.05685714285714,0.1833979539793039,55.98,57.677,56.72871428571428,0.5783648543626311
2012-07-16,57.816,0.0,368,0.1443478260869565,57.77,0.0,368,0.1443478260869565,56.784,57.77,57.14,0.3278195641914116,55.98,57.677,56.75557142857143,0.5971227838959258
2012-07-17,58.145,0.0,368,0.1443478260869565,57.816,0.0,368,0.1443478260869565,56.784,57.816,57.27014285714286,0.39327362339357913,55.98,57.677,56.852,0.5508097070071747
2012-07-18,58.708,0.0,368,0.1443478260869565,58.145,0.0,368,0.1443478260869565,56.972,58.145,57.464571428571425,0.44579661174977325,56.521,57.677,56.966857142857144,0.40254251476144276
2012-07-19,58.734,0.0,368,0.1443478260869565,58.708,0.0,368,0.1443478260869565,56.972,58.708,57.663000000000004,0.6379281568744851,56.521,57.677,57.074,0.37806525010018854
2012-07-20,58.06,0.0,368,0.1443478260869565,58.734,0.0,368,0.1443478260869565,57.068,58.734,57.91471428571428,0.6668024980670791,56.784,57.677,57.13842857142858,0.2980877147992963
2012-07-23,57.964,0.0,368,0.1443478260869565,58.06,0.0,368,0.1443478260869565,57.068,58.734,58.043,0.5783715645383875,56.784,57.677,57.143857142857144,0.298127170052966
2012-07-24,57.498,0.0,368,0.1443478260869565,57.964,0.0,368,0.1443478260869565,57.77,58.734,58.171,0.397494234758909,56.784,57.319,57.05685714285714,0.1833979539793039
2012-07-25,57.573,0.0,368,0.1443478260869565,57.498,0.0,368,0.1443478260869565,57.498,58.734,58.13214285714285,0.4526898970123482,56.784,57.77,57.14,0.3278195641914116
2012-07-26,57.61,0.0,368,0.1443478260869565,57.573,0.0,368,0.1443478260869565,57.498,58.734,58.09742857142857,0.4888468939393976,56.784,57.816,57.27014285714286,0.39327362339357913
2012-07-27,57.883,0.0,368,0.1443478260869565,57.61,0.0,368,0.1443478260869565,57.498,58.734,58.02100000000001,0.5209385760336026,56.972,58.145,57.464571428571425,0.44579661174977325
2012-07-30,57.677,0.0,368,0.1443478260869565,57.883,0.0,368,0.1443478260869565,57.498,58.734,57.90314285714286,0.42389166405706885,56.972,58.708,57.663000000000004,0.6379281568744851
2012-07-31,59.776,0.0,368,0.1443478260869565,57.677,0.0,368,0.1443478260869565,57.498,58.06,57.752142857142864,0.2157602284722967,57.068,58.734,57.91471428571428,0.6668024980670791
2012-08-01,60.191,0.0,368,0.1443478260869565,59.776,0.0,368,0.1443478260869565,57.498,59.776,57.99728571428572,0.8020672694742146,57.068,58.734,58.043,0.5783715645383875
2012-08-02,58.935,0.0,368,0.1443478260869565,60.191,0.0,368,0.1443478260869565,57.498,60.191,58.315428571428576,1.1520012814145815,57.77,58.734,58.171,0.397494234758909
2012-08-03,59.692,0.0,368,0.1443478260869565,58.935,0.0,368,0.1443478260869565,57.573,60.191,58.52071428571429,1.1093034923298042,57.498,58.734,58.13214285714285,0.4526898970123482
2012-08-06,59.682,0.0,368,0.1443478260869565,59.692,0.0,368,0.1443478260869565,57.61,60.191,58.82342857142857,1.0966328551741678,57.498,58.734,58.09742857142857,0.4888468939393976
2012-08-07,60.038,0.0,368,0.1443478260869565,59.682,0.0,368,0.1443478260869565,57.677,60.191,59.11942857142857,0.9888584086615974,57.498,58.734,58.02100000000001,0.5209385760336026
2012-08-08,59.843,0.0,368,0.1443478260869565,60.038,0.0,368,0.1443478260869565,57.677,60.191,59.42728571428571,0.8678163619654786,57.498,58.734,57.90314285714286,0.42389166405706885
2012-08-09,59.467,0.0,368,0.1443478260869565,59.843,0.0,368,0.1443478260869565,58.935,60.191,59.736714285714285,0.399526267090121,57.498,58.06,57.752142857142864,0.2157602284722967
2012-08-10,59.337,0.0,368,0.1443478260869565,59.467,0.0,368,0.1443478260869565,58.935,60.191,59.69257142857142,0.4113574508632192,57.498,59.776,57.99728571428572,0.8020672694742146
2012-08-13,59.106,0.0,368,0.1443478260869565,59.337,0.0,368,0.1443478260869565,58.935,60.038,59.570571428571434,0.36265266079362823,57.498,60.191,58.315428571428576,1.1520012814145815
2012-08-14,60.042,0.0,368,0.1443478260869565,59.106,0.0,368,0.1443478260869565,59.106,60.038,59.595000000000006,0.3153833645999901,57.573,60.191,58.52071428571429,1.1093034923298042
2012-08-15,59.684,0.0,368,0.1443478260869565,60.042,0.0,368,0.1443478260869565,59.106,60.042,59.644999999999996,0.3581666278885724,57.61,60.191,58.82342857142857,1.0966328551741678
2012-08-16,59.155,0.0,368,0.1443478260869565,59.684,0.0,368,0.1443478260869565,59.106,60.042,59.64528571428571,0.3582018584936559,57.677,60.191,59.11942857142857,0.9888584086615974
2012-08-17,59.222,0.0,368,0.1443478260869565,59.155,0.0,368,0.1443478260869565,59.106,60.042,59.51914285714286,0.3522837060148588,57.677,60.191,59.42728571428571,0.8678163619654786
2012-08-20,59.429,0.0,368,0.1443478260869565,59.222,0.0,368,0.1443478260869565,59.106,60.042,59.43042857142858,0.3348984209886878,58.935,60.191,59.736714285714285,0.399526267090121
2012-08-21,59.58,0.0,368,0.1443478260869565,59.429,0.0,368,0.1443478260869565,59.106,60.042,59.425000000000004,0.3345145736732028,58.935,60.191,59.69257142857142,0.4113574508632192
2012-08-22,59.449,0.0,368,0.1443478260869565,59.58,0.0,368,0.1443478260869565,59.106,60.042,59.45971428571428,0.3364633285045067,58.935,60.038,59.570571428571434,0.36265266079362823
2012-08-23,59.949,0.0,368,0.1443478260869565,59.449,0.0,368,0.1443478260869565,59.155,60.042,59.508714285714284,0.29928788497864756,59.106,60.038,59.595000000000006,0.3153833645999901
2012-08-24,60.524,0.0,368,0.1443478260869565,59.949,0.0,368,0.1443478260869565,59.155,59.949,59.495428571428576,0.2725379833724239,59.106,60.042,59.644999999999996,0.3581666278885724
2012-08-27,60.748,0.0,368,0.1443478260869565,60.524,0.0,368,0.1443478260869565,59.155,60.524,59.61542857142857,0.47736459062303044,59.106,60.042,59.64528571428571,0.3582018584936559
2012-08-28,61.041,0.0,368,0.1443478260869565,60.748,0.0,368,0.1443478260869565,59.222,60.748,59.843,0.5881417062803648,59.106,60.042,59.51914285714286,0.3522837060148588
2012-08-29,61.54,0.0,368,0.1443478260869565,61.041,0.0,368,0.1443478260869565,59.429,61.041,60.10285714285714,0.6648742809911419,59.106,60.042,59.43042857142858,0.3348984209886878
2012-08-30,61.761,0.0,368,0.1443478260869565,61.54,0.0,368,0.1443478260869565,59.449,61.54,60.404428571428575,0.7774987367924951,59.106,60.042,59.425000000000004,0.3345145736732028
2012-08-31,62.259,0.0,368,0.1443478260869565,61.761,0.0,368,0.1443478260869565,59.449,61.761,60.716,0.8274551347351728,59.106,60.042,59.45971428571428,0.3364633285045067
2012-09-04,62.712,0.0,368,0.1443478260869565,62.259,0.0,368,0.1443478260869565,59.949,62.259,61.11742857142857,0.7911634591202831,59.155,60.042,59.508714285714284,0.29928788497864756
2012-09-05,63.05,0.0,368,0.1443478260869565,62.712,0.0,368,0.1443478260869565,60.524,62.712,61.512142857142855,0.8002577560948602,59.155,59.949,59.495428571428576,0.2725379833724239
2012-09-06,64.371,0.0,368,0.1443478260869565,63.05,0.0,368,0.1443478260869565,60.748,63.05,61.873,0.848481781379418,59.155,60.524,59.61542857142857,0.47736459062303044
2012-09-07,64.871,0.0,368,0.1443478260869565,64.371,0.0,368,0.1443478260869565,61.041,64.371,62.39057142857143,1.1119611589650993,59.222,60.748,59.843,0.5881417062803648
2012-09-10,64.777,0.0,368,0.1443478260869565,64.871,0.0,368,0.1443478260869565,61.54,64.871,62.93771428571428,1.2684880388719533,59.429,61.041,60.10285714285714,0.6648742809911419
2012-09-11,64.624,0.0,368,0.1443478260869565,64.777,0.0,368,0.1443478260869565,61.761,64.871,63.40014285714285,1.2640448869362684,59.449,61.54,60.404428571428575,0.7774987367924951
2012-09-12,65.541,0.0,368,0.1443478260869565,64.624,0.0,368,0.1443478260869565,62.259,64.871,63.80914285714285,1.0974915988393716,59.449,61.761,60.716,0.8274551347351728
2012-09-13,65.294,0.0,368,0.1443478260869565,65.541,0.0,368,0.1443478260869565,62.712,65.541,64.27799999999999,1.0234357169191388,59.949,62.259,61.11742857142857,0.7911634591202831
2012-09-14,66.274,0.0,368,0.1443478260869565,65.294,0.0,368,0.1443478260869565,63.05,65.541,64.64685714285714,0.8074687669024001,60.524,62.712,61.512142857142855,0.8002577560948602
2012-09-17,65.974,0.0,368,0.1443478260869565,66.274,0.0,368,0.1443478260869565,64.371,66.274,65.10742857142857,0.6486901821208352,60.748,63.05,61.873,0.848481781379418
2012-09-18,65.955,0.0,368,0.1443478260869565,65.974,0.0,368,0.1443478260869565,64.624,66.274,65.33642857142857,0.6280028813999172,61.041,64.371,62.39057142857143,1.1119611589650993
2012-09-19,65.926,0.0,368,0.1443478260869565,65.955,0.0,368,0.1443478260869565,64.624,66.274,65.49128571428572,0.6277562462937831,61.54,64.871,62.93771428571428,1.2684880388719533
2012-09-20,66.596,0.0,368,0.1443478260869565,65.926,0.0,368,0.1443478260869565,64.624,66.274,65.65542857142857,0.5559735776514467,61.761,64.871,63.40014285714285,1.2640448869362684
2012-09-21,65.85,0.0,368,0.1443478260869565,66.596,0.0,368,0.1443478260869565,65.294,66.596,65.93714285714286,0.4320356576981723,62.259,64.871,63.80914285714285,1.0974915988393716
2012-09-24,65.662,0.0,368,0.1443478260869565,65.85,0.0,368,0.1443478260869565,65.294,66.596,65.98128571428572,0.399364793258135,62.712,65.541,64.27799999999999,1.0234357169191388
2012-09-25,65.351,0.0,368,0.1443478260869565,65.662,0.0,368,0.1443478260869565,65.662,66.596,66.03385714285714,0.30745971474217604,63.05,65.541,64.64685714285714,0.8074687669024001
2012-09-26,64.587,0.0,368,0.1443478260869565,65.351,0.0,368,0.1443478260869565,65.351,66.596,65.902,0.377295198307045,64.371,66.274,65.10742857142857,0.6486901821208352
2012-09-27,65.483,0.0,368,0.1443478260869565,64.587,0.0,368,0.1443478260869565,64.587,66.596,65.70385714285715,0.619586805478238,64.624,66.274,65.33642857142857,0.6280028813999172
2012-09-28,64.907,0.0,368,0.1443478260869565,65.483,0.0,368,0.1443478260869565,64.587,66.596,65.63642857142858,0.6133522253810472,64.624,66.274,65.49128571428572,0.6277562462937831
2012-10-01,64.992,0.0,419,0.161195652173913,64.907,0.0,368,0.1443478260869565,64.587,66.596,65.49085714285715,0.6528249966027919,64.624,66.274,65.65542857142857,0.5559735776514467
2012-10-02,65.05,0.0,419,0.161195652173913,64.992,0.0,419,0.161195652173913,64.587,65.85,65.26171428571429,0.4503804740744991,65.294,66.596,65.93714285714286,0.4320356576981723
2012-10-03,65.578,0.0,419,0.161195652173913,65.05,0.0,419,0.161195652173913,64.587,65.662,65.14742857142856,0.37066825110868784,65.294,66.596,65.98128571428572,0.399364793258135
2012-10-04,66.502,0.0,419,0.161195652173913,65.578,0.0,419,0.161195652173913,64.587,65.578,65.13542857142858,0.3521291700214209,65.662,66.596,66.03385714285714,0.30745971474217604
2012-10-05,66.85,0.0,419,0.161195652173913,66.502,0.0,419,0.161195652173913,64.587,66.502,65.29985714285715,0.6292533746614315,65.351,66.596,65.902,0.377295198307045
2012-10-08,66.464,0.0,419,0.161195652173913,66.85,0.0,419,0.161195652173913,64.907,66.85,65.62314285714287,0.7679996589774053,64.587,66.596,65.70385714285715,0.619586805478238
2012-10-09,65.2,0.0,419,0.161195652173913,66.464,0.0,419,0.161195652173913,64.907,66.85,65.76328571428571,0.8255161444580107,64.587,66.596,65.63642857142858,0.6133522253810472
2012-10-10,64.851,0.0,419,0.161195652173913,65.2,0.0,419,0.161195652173913,64.992,66.85,65.80514285714285,0.781095689521702,64.587,66.596,65.49085714285715,0.6528249966027919
2012-10-11,64.917,0.0,419,0.161195652173913,64.851,0.0,419,0.161195652173913,64.851,66.85,65.785,0.8069500191041848,64.587,65.85,65.26171428571429,0.4503804740744991
2012-10-12,64.504,0.0,419,0.161195652173913,64.917,0.0,419,0.161195652173913,64.851,66.85,65.766,0.8284203844258328,64.587,65.662,65.14742857142856,0.37066825110868784
2012-10-15,64.548,0.0,419,0.161195652173913,64.504,0.0,419,0.161195652173913,64.504,66.85,65.61257142857143,0.9583144677226487,64.587,65.578,65.13542857142858,0.3521291700214209
2012-10-16,64.945,0.0,419,0.161195652173913,64.548,0.0,419,0.161195652173913,64.504,66.85,65.33342857142858,0.94047715852818,64.587,66.502,65.29985714285715,0.6292533746614315
2012-10-17,64.88,0.0,419,0.161195652173913,64.945,0.0,419,0.161195652173913,64.504,66.464,65.06128571428572,0.6632545298959932,64.907,66.85,65.62314285714287,0.7679996589774053
2012-10-18,63.644,0.0,419,0.161195652173913,64.88,0.0,419,0.161195652173913,64.504,65.2,64.83500000000001,0.24022905735778313,64.907,66.85,65.76328571428571,0.8255161444580107
2012-10-19,62.928,0.0,419,0.161195652173913,63.644,0.0,419,0.161195652173913,63.644,64.945,64.61271428571429,0.46289657386318367,64.992,66.85,65.80514285714285,0.781095689521702
2012-10-22,62.587,0.0,419,0.161195652173913,62.928,0.0,419,0.161195652173913,62.928,64.945,64.338,0.7679893662452169,64.851,66.85,65.785,0.8069500191041848
2012-10-23,62.354,0.0,419,0.161195652173913,62.587,0.0,419,0.161195652173913,62.587,64.945,64.00514285714286,0.9569089870635041,64.851,66.85,65.766,0.8284203844258328
2012-10-24,62.335,0.0,419,0.161195652173913,62.354,0.0,419,0.161195652173913,62.354,64.945,63.698,1.1038648769961783,64.504,66.85,65.61257142857143,0.9583144677226487
2012-10-25,63.708,0.0,419,0.161195652173913,62.335,0.0,419,0.161195652173913,62.335,64.945,63.381857142857136,1.1362768777266812,64.504,66.85,65.33342857142858,0.94047715852818
2012-10-26,63.184,0.0,419,0.161195652173913,63.708,0.0,419,0.161195652173913,62.335,64.88,63.20514285714285,0.9301531107957354,64.504,66.464,65.06128571428572,0.6632545298959932
2012-10-31,64.07,0.0,419,0.161195652173913,63.184,0.0,419,0.161195652173913,62.335,63.708,62.962857142857146,0.5738020647601467,64.504,65.2,64.83500000000001,0.24022905735778313
2012-11-01,65.522,0.0,419,0.161195652173913,64.07,0.0,419,0.161195652173913,62.335,64.07,63.023714285714284,0.6722322798664385,63.644,64.945,64.61271428571429,0.46289657386318367
2012-11-02,64.597,0.0,419,0.161195652173913,65.522,0.0,419,0.161195652173913,62.335,65.522,63.394285714285715,1.1534286156619047,62.928,64.945,64.338,0.7679893662452169
2012-11-05,64.973,0.0,419,0.161195652173913,64.597,0.0,419,0.161195652173913,62.335,65.522,63.68142857142857,1.169048025409319,62.587,64.945,64.00514285714286,0.9569089870635041
2012-11-06,66.86,0.0,419,0.161195652173913,64.973,0.0,419,0.161195652173913,62.335,65.522,64.05557142857143,1.0898202997345021,62.354,64.945,63.698,1.1038648769961783
2012-11-07,65.191,0.0,419,0.161195652173913,66.86,0.0,419,0.161195652173913,63.184,66.86,64.702,1.2319100345936032,62.335,64.945,63.381857142857136,1.1362768777266812
2012-11-08,64.088,0.0,419,0.161195652173913,65.191,0.0,419,0.161195652173913,63.184,66.86,64.91385714285714,1.1577647182636934,62.335,64.88,63.20514285714285,0.9301531107957354
2012-11-09,64.494,0.0,419,0.161195652173913,64.088,0.0,419,0.161195652173913,64.07,66.86,65.04299999999999,0.9674195918347555,62.335,63.708,62.962857142857146,0.5738020647601467
2012-11-12,64.294,0.0,419,0.161195652173913,64.494,0.0,419,0.161195652173913,64.088,66.86,65.10357142857143,0.9077806007217116,62.335,64.07,63.023714285714284,0.6722322798664385
2012-11-13,64.265,0.0,419,0.161195652173913,64.294,0.0,419,0.161195652173913,64.088,66.86,64.92814285714284,0.9317806302216208,62.335,65.522,63.394285714285715,1.1534286156619047
2012-11-14,62.987,0.0,419,0.161195652173913,64.265,0.0,419,0.161195652173913,64.088,66.86,64.88071428571428,0.9594831445945072,62.335,65.522,63.68142857142857,1.169048025409319
2012-11-15,62.542,0.0,419,0.161195652173913,62.987,0.0,419,0.161195652173913,62.987,66.86,64.59700000000001,1.1928836210345102,62.335,65.522,64.05557142857143,1.0898202997345021
2012-11-16,64.246,0.0,419,0.161195652173913,62.542,0.0,419,0.161195652173913,62.542,65.191,63.98014285714286,0.9106860835964508,63.184,66.86,64.702,1.2319100345936032
2012-11-19,65.035,0.0,419,0.161195652173913,64.246,0.0,419,0.161195652173913,62.542,64.494,63.84514285714285,0.7586198935278754,63.184,66.86,64.91385714285714,1.1577647182636934
2012-11-20,65.489,0.0,419,0.161195652173913,65.035,0.0,419,0.161195652173913,62.542,65.035,63.98042857142857,0.8833355076338307,64.07,66.86,65.04299999999999,0.9674195918347555
2012-11-21,65.917,0.0,419,0.161195652173913,65.489,0.0,419,0.161195652173913,62.542,65.489,64.12257142857142,1.0450111414302645,64.088,66.86,65.10357142857143,0.9077806007217116
2012-11-23,66.029,0.0,419,0.161195652173913,65.917,0.0,419,0.161195652173913,62.542,65.917,64.35442857142857,1.2494379879423307,64.088,66.86,64.92814285714284,0.9317806302216208
2012-11-26,65.772,0.0,419,0.161195652173913,66.029,0.0,419,0.161195652173913,62.542,66.029,64.60642857142857,1.3975118195254639,64.088,66.86,64.88071428571428,0.9594831445945072
2012-11-27,65.859,0.0,419,0.161195652173913,65.772,0.0,419,0.161195652173913,62.542,66.029,65.00428571428571,1.2480792862478662,62.987,66.86,64.59700000000001,1.1928836210345102
2012-11-28,66.36,0.0,419,0.161195652173913,65.859,0.0,419,0.161195652173913,64.246,66.029,65.47814285714286,0.6379802579413222,62.542,65.191,63.98014285714286,0.9106860835964508
2012-11-29,65.888,0.0,419,0.161195652173913,66.36,0.0,419,0.161195652173913,65.035,66.36,65.78014285714286,0.42094751397634717,62.542,64.494,63.84514285714285,0.7586198935278754
2012-11-30,65.576,0.0,419,0.161195652173913,65.888,0.0,419,0.161195652173913,65.489,66.36,65.902,0.26319574464465567,62.542,65.035,63.98042857142857,0.8833355076338307
2012-12-03,65.337,0.0,419,0.161195652173913,65.576,0.0,419,0.161195652173913,65.576,66.36,65.91442857142857,0.24161184928173948,62.542,65.489,64.12257142857142,1.0450111414302645
2012-12-04,65.726,0.0,419,0.161195652173913,65.337,0.0,419,0.161195652173913,65.337,66.36,65.83157142857144,0.3254785487760173,62.542,65.917,64.35442857142857,1.2494379879423307
2012-12-05,65.499,0.0,419,0.161195652173913,65.726,0.0,419,0.161195652173913,65.337,66.36,65.78828571428572,0.3148199031631086,62.542,66.029,64.60642857142857,1.3975118195254639
2012-12-06,65.689,0.0,419,0.161195652173913,65.499,0.0,419,0.161195652173913,65.337,66.36,65.74928571428572,0.3335274672761303,62.542,66.029,65.00428571428571,1.2480792862478662
2012-12-07,65.602,0.0,419,0.161195652173913,65.689,0.0,419,0.161195652173913,65.337,66.36,65.725,0.33038159754904545,64.246,66.029,65.47814285714286,0.6379802579413222
2012-12-10,66.332,0.0,419,0.161195652173913,65.602,0.0,419,0.161195652173913,65.337,65.888,65.61671428571428,0.17546862424461898,65.035,66.36,65.78014285714286,0.42094751397634717
2012-12-11,66.417,0.0,419,0.161195652173913,66.332,0.0,419,0.161195652173913,65.337,66.332,65.68014285714285,0.3148043988302368,65.489,66.36,65.902,0.26319574464465567
2012-12-12,65.809,0.0,419,0.161195652173913,66.417,0.0,419,0.161195652173913,65.337,66.417,65.8002857142857,0.413457661791737,65.576,66.36,65.91442857142857,0.24161184928173948
2012-12-13,65.868,0.0,419,0.161195652173913,65.809,0.0,419,0.161195652173913,65.499,66.417,65.86771428571429,0.36039317154225836,65.337,66.36,65.83157142857144,0.3254785487760173
2012-12-14,65.111,0.0,419,0.161195652173913,65.868,0.0,419,0.161195652173913,65.499,66.417,65.88799999999999,0.3550436592857958,65.337,66.36,65.78828571428572,0.3148199031631086
2012-12-17,65.859,0.0,419,0.161195652173913,65.111,0.0,419,0.161195652173913,65.111,66.417,65.83257142857143,0.4448291271713247,65.337,66.36,65.74928571428572,0.3335274672761303
2012-12-18,66.663,0.0,419,0.161195652173913,65.859,0.0,419,0.161195652173913,65.111,66.417,65.85685714285715,0.4403019526675503,65.337,66.36,65.725,0.33038159754904545
2012-12-19,66.608,0.0,419,0.161195652173913,66.663,0.0,419,0.161195652173913,65.111,66.663,66.00842857142857,0.5143429002588195,65.337,65.888,65.61671428571428,0.17546862424461898
2012-12-20,67.49,0.0,419,0.161195652173913,66.608,0.0,419,0.161195652173913,65.111,66.663,66.04785714285714,0.5524486185967964,65.337,66.332,65.68014285714285,0.3148043988302368
2012-12-21,67.639,0.0,419,0.161195652173913,67.49,0.0,419,0.161195652173913,65.111,67.49,66.20114285714286,0.7756965533352322,65.337,66.417,65.8002857142857,0.413457661791737
2012-12-24,67.28,0.0,419,0.161195652173913,67.639,0.0,419,0.161195652173913,65.111,67.639,66.46257142857142,0.9170126965932777,65.499,66.417,65.86771428571429,0.36039317154225836
2012-12-26,67.013,0.0,419,0.161195652173913,67.28,0.0,419,0.161195652173913,65.111,67.639,66.66428571428571,0.9197216452606056,65.499,66.417,65.88799999999999,0.3550436592857958
2012-12-27,67.327,0.0,419,0.161195652173913,67.013,0.0,419,0.161195652173913,65.859,67.639,66.936,0.6147400534634784,65.111,66.417,65.83257142857143,0.4448291271713247
2012-12-28,66.975,0.0,419,0.161195652173913,67.327,0.0,419,0.161195652173913,66.608,67.639,67.14571428571428,0.39843933636229495,65.111,66.417,65.85685714285715,0.4403019526675503
2012-12-31,67.572,0.0,419,0.161195652173913,66.975,0.0,419,0.161195652173913,66.608,67.639,67.19028571428571,0.3499398587769343,65.111,66.663,66.00842857142857,0.5143429002588195
2013-01-02,68.588,27.26,412,0.1436666666666666,67.572,0.0,419,0.161195652173913,66.975,67.639,67.328,0.260972540060382,65.111,66.663,66.04785714285714,0.5524486185967964
2013-01-03,69.146,27.26,412,0.1436666666666666,68.588,27.26,412,0.1436666666666666,66.975,68.588,67.48485714285714,0.5473826901927842,65.111,67.49,66.20114285714286,0.7756965533352322
2013-01-04,69.384,27.26,412,0.1436666666666666,69.146,27.26,412,0.1436666666666666,66.975,69.146,67.70014285714285,0.8375526706955988,65.111,67.639,66.46257142857142,0.9170126965932777
2013-01-07,69.97,27.26,412,0.1436666666666666,69.384,27.26,412,0.1436666666666666,66.975,69.384,68.00071428571428,1.0194295323500246,65.111,67.639,66.66428571428571,0.9197216452606056
2013-01-08,69.583,27.26,412,0.1436666666666666,69.97,27.26,412,0.1436666666666666,66.975,69.97,68.42314285714285,1.1466476396533414,65.859,67.639,66.936,0.6147400534634784
2013-01-09,69.886,27.26,412,0.1436666666666666,69.583,27.26,412,0.1436666666666666,66.975,69.97,68.74542857142856,1.1034391475653214,66.608,67.639,67.14571428571428,0.39843933636229495
2013-01-10,69.478,27.26,412,0.1436666666666666,69.886,27.26,412,0.1436666666666666,67.572,69.97,69.16128571428571,0.8427527740054737,66.608,67.639,67.19028571428571,0.3499398587769343
2013-01-11,69.516,27.26,412,0.1436666666666666,69.478,27.26,412,0.1436666666666666,68.588,69.97,69.43357142857143,0.46848972138807626,66.975,67.639,67.328,0.260972540060382
2013-01-14,69.429,27.26,412,0.1436666666666666,69.516,27.26,412,0.1436666666666666,69.146,69.97,69.56614285714285,0.2845091847183857,66.975,68.588,67.48485714285714,0.5473826901927842
2013-01-15,69.554,27.26,412,0.1436666666666666,69.429,27.26,412,0.1436666666666666,69.384,69.97,69.60657142857143,0.2296808344484293,66.975,69.146,67.70014285714285,0.8375526706955988
2013-01-16,69.318,27.26,412,0.1436666666666666,69.554,27.26,412,0.1436666666666666,69.429,69.97,69.63085714285714,0.2104031278025941,66.975,69.384,68.00071428571428,1.0194295323500246
2013-01-17,69.668,27.26,412,0.1436666666666666,69.318,27.26,412,0.1436666666666666,69.318,69.886,69.53771428571429,0.17689423797065723,66.975,69.97,68.42314285714285,1.1466476396533414
2013-01-18,70.428,27.26,412,0.1436666666666666,69.668,27.26,412,0.1436666666666666,69.318,69.886,69.54985714285715,0.18332160135253173,66.975,69.97,68.74542857142856,1.1034391475653214
2013-01-22,70.994,27.26,412,0.1436666666666666,70.428,27.26,412,0.1436666666666666,69.318,70.428,69.6272857142857,0.36919223280093993,67.572,69.97,69.16128571428571,0.8427527740054737
2013-01-23,70.88,27.26,412,0.1436666666666666,70.994,27.26,412,0.1436666666666666,69.318,70.994,69.84385714285715,0.6238478523292028,68.588,69.97,69.43357142857143,0.46848972138807626
2013-01-24,70.787,27.26,412,0.1436666666666666,70.88,27.26,412,0.1436666666666666,69.318,70.994,70.03871428571429,0.7112703926265769,69.146,69.97,69.56614285714285,0.2845091847183857
2013-01-25,71.071,27.26,412,0.1436666666666666,70.787,27.26,412,0.1436666666666666,69.318,70.994,70.2327142857143,0.7023960692471245,69.384,69.97,69.60657142857143,0.2296808344484293
2013-01-28,71.488,27.26,412,0.1436666666666666,71.071,27.26,412,0.1436666666666666,69.318,71.071,70.44942857142857,0.6920351284769934,69.429,69.97,69.63085714285714,0.2104031278025941
2013-01-29,71.393,27.26,412,0.1436666666666666,71.488,27.26,412,0.1436666666666666,69.668,71.488,70.75942857142857,0.5772457180838485,69.318,69.886,69.53771428571429,0.17689423797065723
2013-01-30,71.156,27.26,412,0.1436666666666666,71.393,27.26,412,0.1436666666666666,70.428,71.488,71.00585714285715,0.36156669673654307,69.318,69.886,69.54985714285715,0.18332160135253173
2013-01-31,71.071,27.26,412,0.1436666666666666,71.156,27.26,412,0.1436666666666666,70.787,71.488,71.10985714285714,0.25732432749800316,69.318,70.428,69.6272857142857,0.36919223280093993
2013-02-01,71.894,27.26,412,0.1436666666666666,71.071,27.26,412,0.1436666666666666,70.787,71.488,71.12085714285715,0.25315833554444145,69.318,70.994,69.84385714285715,0.6238478523292028
2013-02-04,71.345,27.26,412,0.1436666666666666,71.894,27.26,412,0.1436666666666666,70.787,71.894,71.26571428571428,0.35995079028535104,69.318,70.994,70.03871428571429,0.7112703926265769
2013-02-05,72.32,27.26,412,0.1436666666666666,71.345,27.26,412,0.1436666666666666,71.071,71.894,71.34542857142857,0.2915549445863627,69.318,70.994,70.2327142857143,0.7023960692471245
2013-02-06,72.729,27.26,412,0.1436666666666666,72.32,27.26,412,0.1436666666666666,71.071,72.32,71.52385714285715,0.4400088743676211,69.318,71.071,70.44942857142857,0.6920351284769934
2013-02-07,72.918,27.26,412,0.1436666666666666,72.729,27.26,412,0.1436666666666666,71.071,72.729,71.70114285714286,0.631495428478235,69.668,71.488,70.75942857142857,0.5772457180838485
2013-02-08,72.614,27.26,412,0.1436666666666666,72.918,27.26,412,0.1436666666666666,71.071,72.918,71.919,0.7578781784243062,70.428,71.488,71.00585714285715,0.36156669673654307
2013-02-11,73.411,27.26,412,0.1436666666666666,72.614,27.26,412,0.1436666666666666,71.071,72.918,72.12728571428572,0.7122091720557202,70.787,71.488,71.10985714285714,0.25732432749800316
2013-02-12,73.421,27.26,412,0.1436666666666666,73.411,27.26,412,0.1436666666666666,71.345,73.411,72.46157142857143,0.682325156392444,70.787,71.488,71.12085714285715,0.25315833554444145
2013-02-13,73.534,27.26,412,0.1436666666666666,73.421,27.26,412,0.1436666666666666,71.345,73.421,72.6797142857143,0.713987328151026,70.787,71.894,71.26571428571428,0.35995079028535104
2013-02-14,73.059,27.26,412,0.1436666666666666,73.534,27.26,412,0.1436666666666666,72.32,73.534,72.99242857142858,0.4694815783172524,71.071,71.894,71.34542857142857,0.2915549445863627
2013-02-15,73.088,27.26,412,0.1436666666666666,73.059,27.26,412,0.1436666666666666,72.614,73.534,73.098,0.36440179289481983,71.071,72.32,71.52385714285715,0.4400088743676211
2013-02-19,74.453,27.26,412,0.1436666666666666,73.088,27.26,412,0.1436666666666666,72.614,73.534,73.14928571428571,0.32717462935491176,71.071,72.729,71.70114285714286,0.631495428478235
2013-02-20,73.554,27.26,412,0.1436666666666666,74.453,27.26,412,0.1436666666666666,72.614,74.453,73.36857142857143,0.5703556951989498,71.071,72.918,71.919,0.7578781784243062
2013-02-21,74.235,27.26,412,0.1436666666666666,73.554,27.26,412,0.1436666666666666,73.059,74.453,73.50285714285714,0.46379069581229326,71.071,72.918,72.12728571428572,0.7122091720557202
2013-02-22,74.274,27.26,412,0.1436666666666666,74.235,27.26,412,0.1436666666666666,73.059,74.453,73.62057142857144,0.5356008641820069,71.345,73.411,72.46157142857143,0.682325156392444
2013-02-25,73.905,27.26,412,0.1436666666666666,74.274,27.26,412,0.1436666666666666,73.059,74.453,73.74242857142858,0.5779858294507161,71.345,73.421,72.6797142857143,0.713987328151026
2013-02-26,74.501,27.26,412,0.1436666666666666,73.905,27.26,412,0.1436666666666666,73.059,74.453,73.79542857142857,0.5726735129016887,72.32,73.534,72.99242857142858,0.4694815783172524
2013-02-27,75.23,27.26,412,0.1436666666666666,74.501,27.26,412,0.1436666666666666,73.088,74.501,74.00142857142858,0.5206056912025375,72.614,73.534,73.098,0.36440179289481983
2013-02-28,75.771,27.26,412,0.1436666666666666,75.23,27.26,412,0.1436666666666666,73.554,75.23,74.30742857142857,0.523731119671571,72.614,73.534,73.14928571428571,0.32717462935491176
2013-03-01,75.836,27.26,412,0.1436666666666666,75.771,27.26,412,0.1436666666666666,73.554,75.771,74.49571428571429,0.7657736206565041,72.614,74.453,73.36857142857143,0.5703556951989498
2013-03-04,75.476,27.26,412,0.1436666666666666,75.836,27.26,412,0.1436666666666666,73.905,75.836,74.82171428571428,0.7835882665192674,73.059,74.453,73.50285714285714,0.46379069581229326
2013-03-05,76.77,27.26,412,0.1436666666666666,75.476,27.26,412,0.1436666666666666,73.905,75.836,74.999,0.7689720411029768,73.059,74.453,73.62057142857144,0.5356008641820069
2013-03-06,76.445,27.26,412,0.1436666666666666,76.77,27.26,412,0.1436666666666666,73.905,76.77,75.35557142857144,0.937080725291221,73.059,74.453,73.74242857142858,0.5779858294507161
2013-03-07,75.951,27.26,412,0.1436666666666666,76.445,27.26,412,0.1436666666666666,74.501,76.77,75.71842857142857,0.7560601512968017,73.059,74.453,73.79542857142857,0.5726735129016887
2013-03-08,76.351,27.26,412,0.1436666666666666,75.951,27.26,412,0.1436666666666666,75.23,76.77,75.92557142857143,0.5325037893876948,73.088,74.501,74.00142857142858,0.5206056912025375
2013-03-11,76.807,27.26,412,0.1436666666666666,76.351,27.26,412,0.1436666666666666,75.476,76.77,76.08571428571429,0.45074224499876175,73.554,75.23,74.30742857142857,0.523731119671571
2013-03-12,77.324,27.26,412,0.1436666666666666,76.807,27.26,412,0.1436666666666666,75.476,76.807,76.23371428571429,0.49781044393742435,73.554,75.771,74.49571428571429,0.7657736206565041
2013-03-13,77.436,27.26,412,0.1436666666666666,77.324,27.26,412,0.1436666666666666,75.476,77.324,76.44628571428572,0.6056857585358528,73.905,75.836,74.82171428571428,0.7835882665192674
2013-03-14,78.283,27.26,412,0.1436666666666666,77.436,27.26,412,0.1436666666666666,75.951,77.436,76.72628571428571,0.5307873755969704,73.905,75.836,74.999,0.7689720411029768
2013-03-15,77.893,27.26,412,0.1436666666666666,78.283,27.26,412,0.1436666666666666,75.951,78.283,76.94242857142856,0.7942329333254871,73.905,76.77,75.35557142857144,0.937080725291221
2013-03-18,77.275,27.26,412,0.1436666666666666,77.893,27.26,412,0.1436666666666666,75.951,78.283,77.14928571428571,0.8308085849097457,74.501,76.77,75.71842857142857,0.7560601512968017
2013-03-19,77.436,27.26,412,0.1436666666666666,77.275,27.26,412,0.1436666666666666,76.351,78.283,77.33842857142858,0.6417356301822599,75.23,76.77,75.92557142857143,0.5325037893876948
2013-03-20,77.54,27.26,412,0.1436666666666666,77.436,27.26,412,0.1436666666666666,76.807,78.283,77.49342857142857,0.47210128049540795,75.476,76.77,76.08571428571429,0.45074224499876175
2013-03-21,77.256,27.26,412,0.1436666666666666,77.54,27.26,412,0.1436666666666666,77.275,78.283,77.59814285714286,0.36320491395572074,75.476,76.807,76.23371428571429,0.49781044393742435
2013-03-22,77.502,27.26,412,0.1436666666666666,77.256,27.26,412,0.1436666666666666,77.256,78.283,77.58842857142858,0.37254836694321963,75.476,77.324,76.44628571428572,0.6056857585358528
2013-03-25,77.988,27.26,412,0.1436666666666666,77.502,27.26,412,0.1436666666666666,77.256,78.283,77.59785714285714,0.3688646673983786,75.951,77.436,76.72628571428571,0.5307873755969704
2013-03-26,78.999,27.26,412,0.1436666666666666,77.988,27.26,412,0.1436666666666666,77.256,77.988,77.55571428571429,0.2848173182228977,75.951,78.283,76.94242857142856,0.7942329333254871
2013-03-27,79.322,27.26,412,0.1436666666666666,78.999,27.26,412,0.1436666666666666,77.256,78.999,77.71371428571429,0.6166156864365874,75.951,78.283,77.14928571428571,0.8308085849097457
2013-03-28,80.425,27.26,412,0.1436666666666666,79.322,27.26,412,0.1436666666666666,77.256,79.322,78.00614285714286,0.8242977675097378,76.351,78.283,77.33842857142858,0.6417356301822599
2013-04-01,80.188,25.64,420,0.1158241758241758,80.425,27.26,412,0.1436666666666666,77.256,80.425,78.43314285714284,1.1780142088226913,76.807,78.283,77.49342857142857,0.47210128049540795
2013-04-02,80.778,25.64,420,0.1158241758241758,80.188,25.64,420,0.1158241758241758,77.256,80.425,78.81142857142858,1.2653341926326225,77.275,78.283,77.59814285714286,0.36320491395572074
2013-04-03,80.396,25.64,420,0.1158241758241758,80.778,25.64,420,0.1158241758241758,77.502,80.778,79.31457142857143,1.243811327752402,77.256,78.283,77.58842857142858,0.37254836694321963
2013-04-04,81.186,25.64,420,0.1158241758241758,80.396,25.64,420,0.1158241758241758,77.988,80.778,79.728,0.9974977025859186,77.256,78.283,77.59785714285714,0.3688646673983786
2013-04-05,80.835,25.64,420,0.1158241758241758,81.186,25.64,420,0.1158241758241758,78.999,81.186,80.18485714285714,0.7753649524715936,77.256,77.988,77.55571428571429,0.2848173182228977
2013-04-08,81.404,25.64,420,0.1158241758241758,80.835,25.64,420,0.1158241758241758,79.322,81.186,80.44714285714285,0.5974971209313403,77.256,78.999,77.71371428571429,0.6166156864365874
2013-04-09,82.022,25.64,420,0.1158241758241758,81.404,25.64,420,0.1158241758241758,80.188,81.404,80.74457142857143,0.44204066824031646,77.256,79.322,78.00614285714286,0.8242977675097378
2013-04-10,82.805,25.64,420,0.1158241758241758,82.022,25.64,420,0.1158241758241758,80.188,82.022,80.97271428571428,0.6241999450704356,77.256,80.425,78.43314285714284,1.1780142088226913
2013-04-11,82.28,25.64,420,0.1158241758241758,82.805,25.64,420,0.1158241758241758,80.396,82.805,81.34657142857144,0.8267268507261636,77.256,80.425,78.81142857142858,1.2653341926326225
2013-04-12,81.366,25.64,420,0.1158241758241758,82.28,25.64,420,0.1158241758241758,80.396,82.805,81.56114285714285,0.8491753702982062,77.502,80.778,79.31457142857143,1.243811327752402
2013-04-15,80.032,25.64,420,0.1158241758241758,81.366,25.64,420,0.1158241758241758,80.835,82.805,81.6997142857143,0.6919418844280494,77.988,80.778,79.728,0.9974977025859186
2013-04-16,80.853,25.64,420,0.1158241758241758,80.032,25.64,420,0.1158241758241758,80.032,82.805,81.53485714285715,0.9309336583171585,78.999,81.186,80.18485714285714,0.7753649524715936
2013-04-17,79.635,25.64,420,0.1158241758241758,80.853,25.64,420,0.1158241758241758,80.032,82.805,81.53742857142856,0.9287005001855605,79.322,81.186,80.44714285714285,0.5974971209313403
2013-04-18,78.853,25.64,420,0.1158241758241758,79.635,25.64,420,0.1158241758241758,79.635,82.805,81.28471428571427,1.1782251785740672,80.188,81.404,80.74457142857143,0.44204066824031646
2013-04-19,79.473,25.64,420,0.1158241758241758,78.853,25.64,420,0.1158241758241758,78.853,82.805,80.832,1.4297016005670748,80.188,82.022,80.97271428571428,0.6241999450704356
2013-04-22,79.204,25.64,420,0.1158241758241758,79.473,25.64,420,0.1158241758241758,78.853,82.28,80.356,1.1994721061078455,80.396,82.805,81.34657142857144,0.8267268507261636
2013-04-23,79.653,25.64,420,0.1158241758241758,79.204,25.64,420,0.1158241758241758,78.853,81.366,79.91657142857142,0.9042534410837558,80.396,82.805,81.56114285714285,0.8491753702982062
2013-04-24,79.293,25.64,420,0.1158241758241758,79.653,25.64,420,0.1158241758241758,78.853,80.853,79.67185714285714,0.6397234893723316,80.835,82.805,81.6997142857143,0.6919418844280494
2013-04-25,78.97,25.64,420,0.1158241758241758,79.293,25.64,420,0.1158241758241758,78.853,80.853,79.56628571428571,0.6313067701940364,80.032,82.805,81.53485714285715,0.9309336583171585
2013-04-26,78.283,25.64,420,0.1158241758241758,78.97,25.64,420,0.1158241758241758,78.853,79.653,79.29728571428572,0.31216593572363716,80.032,82.805,81.53742857142856,0.9287005001855605
2013-04-29,78.263,25.64,420,0.1158241758241758,78.283,25.64,420,0.1158241758241758,78.283,79.653,79.10414285714286,0.4542908130865271,79.635,82.805,81.28471428571427,1.1782251785740672
2013-04-30,74.354,25.64,420,0.1158241758241758,78.263,25.64,420,0.1158241758241758,78.263,79.653,79.01985714285715,0.552720673446209,78.853,82.805,80.832,1.4297016005670748
2013-05-01,73.62,25.64,420,0.1158241758241758,74.354,25.64,420,0.1158241758241758,74.354,79.653,78.28857142857143,1.8099002603399907,78.853,82.28,80.356,1.1994721061078455
2013-05-02,73.981,25.64,420,0.1158241758241758,73.62,25.64,420,0.1158241758241758,73.62,79.653,77.49085714285715,2.4548437444207614,78.853,81.366,79.91657142857142,0.9042534410837558
2013-05-03,74.552,25.64,420,0.1158241758241758,73.981,25.64,420,0.1158241758241758,73.62,79.293,76.68057142857143,2.556229049279231,78.853,80.853,79.67185714285714,0.6397234893723316
2013-05-06,74.001,25.64,420,0.1158241758241758,74.552,25.64,420,0.1158241758241758,73.62,78.97,76.00328571428572,2.3699811331372866,78.853,80.853,79.56628571428571,0.6313067701940364
2013-05-07,74.497,25.64,420,0.1158241758241758,74.001,25.64,420,0.1158241758241758,73.62,78.283,75.29342857142858,2.056750580984279,78.853,79.653,79.29728571428572,0.31216593572363716
2013-05-08,75.466,25.64,420,0.1158241758241758,74.497,25.64,420,0.1158241758241758,73.62,78.263,74.75257142857143,1.5827409618693928,78.283,79.653,79.10414285714286,0.4542908130865271
2013-05-09,76.028,25.64,420,0.1158241758241758,75.466,25.64,420,0.1158241758241758,73.62,75.466,74.353,0.5914225787582181,78.263,79.653,79.01985714285715,0.552720673446209
2013-05-10,76.541,25.64,420,0.1158241758241758,76.028,25.64,420,0.1158241758241758,73.62,76.028,74.59214285714286,0.8664085696264391,74.354,79.653,78.28857142857143,1.8099002603399907
2013-05-13,76.228,25.64,420,0.1158241758241758,76.541,25.64,420,0.1158241758241758,73.981,76.541,75.00942857142857,1.01144069807011,73.62,79.653,77.49085714285715,2.4548437444207614
2013-05-14,76.827,25.64,420,0.1158241758241758,76.228,25.64,420,0.1158241758241758,74.001,76.541,75.33042857142857,0.9869175678406513,73.62,79.293,76.68057142857143,2.556229049279231
2013-05-15,77.066,25.64,420,0.1158241758241758,76.827,25.64,420,0.1158241758241758,74.001,76.827,75.65542857142857,1.0597513634712294,73.62,78.97,76.00328571428572,2.3699811331372866
2013-05-16,77.03,25.64,420,0.1158241758241758,77.066,25.64,420,0.1158241758241758,74.497,77.066,76.09328571428571,0.8802446088597693,73.62,78.283,75.29342857142858,2.056750580984279
2013-05-17,76.857,25.64,420,0.1158241758241758,77.03,25.64,420,0.1158241758241758,75.466,77.066,76.45514285714285,0.5861889423970202,73.62,78.263,74.75257142857143,1.5827409618693928
2013-05-20,76.331,25.64,420,0.1158241758241758,76.857,25.64,420,0.1158241758241758,76.028,77.066,76.65385714285715,0.40174180288900224,73.62,75.466,74.353,0.5914225787582181
2013-05-21,75.739,25.64,420,0.1158241758241758,76.331,25.64,420,0.1158241758241758,76.228,77.066,76.69714285714285,0.33361726002786585,73.62,76.028,74.59214285714286,0.8664085696264391
2013-05-22,74.524,25.64,420,0.1158241758241758,75.739,25.64,420,0.1158241758241758,75.739,77.066,76.58257142857143,0.494902972691611,73.981,76.541,75.00942857142857,1.01144069807011
2013-05-23,74.83,25.64,420,0.1158241758241758,74.524,25.64,420,0.1158241758241758,74.524,77.066,76.33914285714286,0.9279697244640535,74.001,76.541,75.33042857142857,0.9869175678406513
2013-05-24,75.222,25.64,420,0.1158241758241758,74.83,25.64,420,0.1158241758241758,74.524,77.066,76.05385714285714,1.0517096285835164,74.001,76.827,75.65542857142857,1.0597513634712294
2013-05-28,75.337,25.64,420,0.1158241758241758,75.222,25.64,420,0.1158241758241758,74.524,77.03,75.79042857142858,0.9847461360061982,74.497,77.066,76.09328571428571,0.8802446088597693
2013-05-29,74.668,25.64,420,0.1158241758241758,75.337,25.64,420,0.1158241758241758,74.524,76.857,75.54857142857144,0.8244135000385703,75.466,77.066,76.45514285714285,0.5861889423970202
2013-05-30,75.375,25.64,420,0.1158241758241758,74.668,25.64,420,0.1158241758241758,74.524,76.331,75.23585714285716,0.6399003642667789,76.028,77.066,76.65385714285715,0.40174180288900224
2013-05-31,74.863,25.64,420,0.1158241758241758,75.375,25.64,420,0.1158241758241758,74.524,75.739,75.09928571428573,0.437091795957713,76.228,77.066,76.69714285714285,0.33361726002786585
2013-06-03,74.276,25.64,420,0.1158241758241758,74.863,25.64,420,0.1158241758241758,74.524,75.375,74.97414285714285,0.33745786332834216,75.739,77.066,76.58257142857143,0.494902972691611
2013-06-04,74.383,25.64,420,0.1158241758241758,74.276,25.64,420,0.1158241758241758,74.276,75.375,74.93871428571428,0.39984485086121857,74.524,77.066,76.33914285714286,0.9279697244640535
2013-06-05,73.119,25.64,420,0.1158241758241758,74.383,25.64,420,0.1158241758241758,74.276,75.375,74.87485714285715,0.4523477381272176,74.524,77.066,76.05385714285714,1.0517096285835164
2013-06-06,73.952,25.64,420,0.1158241758241758,73.119,25.64,420,0.1158241758241758,73.119,75.375,74.57442857142857,0.7701120821321997,74.524,77.03,75.79042857142858,0.9847461360061982
2013-06-07,74.946,25.64,420,0.1158241758241758,73.952,25.64,420,0.1158241758241758,73.119,75.375,74.37657142857142,0.7176705040471931,74.524,76.857,75.54857142857144,0.8244135000385703
2013-06-10,74.706,25.64,420,0.1158241758241758,74.946,25.64,420,0.1158241758241758,73.119,75.375,74.4162857142857,0.7437050746725016,74.524,76.331,75.23585714285716,0.6399003642667789
2013-06-11,74.43,25.64,420,0.1158241758241758,74.706,25.64,420,0.1158241758241758,73.119,74.946,74.32071428571429,0.6350127857717873,74.524,75.739,75.09928571428573,0.437091795957713
2013-06-12,73.971,25.64,420,0.1158241758241758,74.43,25.64,420,0.1158241758241758,73.119,74.946,74.25885714285714,0.5930897707673712,74.524,75.375,74.97414285714285,0.33745786332834216
2013-06-13,74.334,25.64,420,0.1158241758241758,73.971,25.64,420,0.1158241758241758,73.119,74.946,74.21528571428573,0.6027453067094994,74.276,75.375,74.93871428571428,0.39984485086121857
2013-06-14,74.449,25.64,420,0.1158241758241758,74.334,25.64,420,0.1158241758241758,73.119,74.946,74.20828571428571,0.6007541688802475,74.276,75.375,74.87485714285715,0.4523477381272176
2013-06-17,74.458,25.64,420,0.1158241758241758,74.449,25.64,420,0.1158241758241758,73.952,74.946,74.39828571428572,0.3615092042539173,73.119,75.375,74.57442857142857,0.7701120821321997
2013-06-18,75.158,25.64,420,0.1158241758241758,74.458,25.64,420,0.1158241758241758,73.971,74.946,74.47057142857143,0.3033017513621332,73.119,75.375,74.37657142857142,0.7176705040471931
2013-06-19,73.818,25.64,420,0.1158241758241758,75.158,25.64,420,0.1158241758241758,73.971,75.158,74.50085714285714,0.3633310834333581,73.119,75.375,74.4162857142857,0.7437050746725016
2013-06-20,72.287,25.64,420,0.1158241758241758,73.818,25.64,420,0.1158241758241758,73.818,75.158,74.37400000000001,0.42887799352698264,73.119,74.946,74.32071428571429,0.6350127857717873
2013-06-21,72.306,25.64,420,0.1158241758241758,72.287,25.64,420,0.1158241758241758,72.287,75.158,74.06785714285715,0.8944259664847826,73.119,74.946,74.25885714285714,0.5930897707673712
2013-06-24,71.783,25.64,420,0.1158241758241758,72.306,25.64,420,0.1158241758241758,72.287,75.158,73.83000000000001,1.1179381318593287,73.119,74.946,74.21528571428573,0.6027453067094994
2013-06-25,72.48,25.64,420,0.1158241758241758,71.783,25.64,420,0.1158241758241758,71.783,75.158,73.46557142857144,1.3232063151222702,73.119,74.946,74.20828571428571,0.6007541688802475
2013-06-26,73.264,25.64,420,0.1158241758241758,72.48,25.64,420,0.1158241758241758,71.783,75.158,73.1842857142857,1.288126380223273,73.952,74.946,74.39828571428572,0.3615092042539173
2013-06-27,74.076,25.64,420,0.1158241758241758,73.264,25.64,420,0.1158241758241758,71.783,75.158,73.01371428571429,1.1644713699473845,73.971,74.946,74.47057142857143,0.3033017513621332
2013-06-28,74.058,25.64,420,0.1158241758241758,74.076,25.64,420,0.1158241758241758,71.783,74.076,72.85914285714286,0.865948887746307,73.971,75.158,74.50085714285714,0.3633310834333581
2013-07-01,75.022,22.82,414,0.0852173913043478,74.058,25.64,420,0.1158241758241758,71.783,74.076,72.89342857142857,0.9136764301689121,73.818,75.158,74.37400000000001,0.42887799352698264
2013-07-02,74.553,22.82,414,0.0852173913043478,75.022,22.82,414,0.0852173913043478,71.783,75.022,73.28414285714287,1.1621305762215357,72.287,75.158,74.06785714285715,0.8944259664847826
2013-07-03,74.591,22.82,414,0.0852173913043478,74.553,22.82,414,0.0852173913043478,71.783,75.022,73.60514285714285,1.157240457376485,72.287,75.158,73.83000000000001,1.1179381318593287
2013-07-05,74.936,22.82,414,0.0852173913043478,74.591,22.82,414,0.0852173913043478,72.48,75.022,74.00628571428571,0.8718307775940736,71.783,75.158,73.46557142857144,1.3232063151222702
2013-07-08,75.09,22.82,414,0.0852173913043478,74.936,22.82,414,0.0852173913043478,73.264,75.022,74.35714285714286,0.6101432696687942,71.783,75.158,73.1842857142857,1.288126380223273
2013-07-09,74.086,22.82,414,0.0852173913043478,75.09,22.82,414,0.0852173913043478,74.058,75.09,74.61800000000001,0.42806580490806867,71.783,75.158,73.01371428571429,1.1644713699473845
2013-07-10,74.286,22.82,414,0.0852173913043478,74.086,22.82,414,0.0852173913043478,74.058,75.09,74.61942857142857,0.4259670789852321,71.783,74.076,72.85914285714286,0.865948887746307
2013-07-11,74.553,22.82,414,0.0852173913043478,74.286,22.82,414,0.0852173913043478,74.086,75.09,74.65200000000002,0.38236849591057875,71.783,74.076,72.89342857142857,0.9136764301689121
2013-07-12,75.605,22.82,414,0.0852173913043478,74.553,22.82,414,0.0852173913043478,74.086,75.09,74.58500000000001,0.34610017817331096,71.783,75.022,73.28414285714287,1.1621305762215357
2013-07-15,74.81,22.82,414,0.0852173913043478,75.605,22.82,414,0.0852173913043478,74.086,75.605,74.73528571428571,0.5163957507830674,71.783,75.022,73.60514285714285,1.157240457376485
2013-07-16,73.905,22.82,414,0.0852173913043478,74.81,22.82,414,0.0852173913043478,74.086,75.605,74.76657142857142,0.5128189599776084,72.48,75.022,74.00628571428571,0.8718307775940736
2013-07-17,74.553,22.82,414,0.0852173913043478,73.905,22.82,414,0.0852173913043478,73.905,75.605,74.61928571428572,0.5971665636655842,73.264,75.022,74.35714285714286,0.6101432696687942
2013-07-18,75.52,22.82,414,0.0852173913043478,74.553,22.82,414,0.0852173913043478,73.905,75.605,74.54257142857143,0.5599514434715658,74.058,75.09,74.61800000000001,0.42806580490806867
2013-07-19,75.89,22.82,414,0.0852173913043478,75.52,22.82,414,0.0852173913043478,73.905,75.605,74.74742857142857,0.6237544541290693,74.058,75.09,74.61942857142857,0.4259670789852321
2013-07-22,76.19,22.82,414,0.0852173913043478,75.89,22.82,414,0.0852173913043478,73.905,75.89,74.97657142857143,0.7140758263045194,74.086,75.09,74.65200000000002,0.38236849591057875
2013-07-23,76.377,22.82,414,0.0852173913043478,76.19,22.82,414,0.0852173913043478,73.905,76.19,75.21042857142857,0.8133877421290368,74.086,75.09,74.58500000000001,0.34610017817331096
2013-07-24,75.871,22.82,414,0.0852173913043478,76.377,22.82,414,0.0852173913043478,73.905,76.377,75.32071428571429,0.9210193111041179,74.086,75.605,74.73528571428571,0.5163957507830674
2013-07-25,75.91,22.82,414,0.0852173913043478,75.871,22.82,414,0.0852173913043478,73.905,76.377,75.4722857142857,0.9102039541187154,74.086,75.605,74.76657142857142,0.5128189599776084
2013-07-26,76.151,22.82,414,0.0852173913043478,75.91,22.82,414,0.0852173913043478,74.553,76.377,75.75871428571429,0.5960631158638267,73.905,75.605,74.61928571428572,0.5971665636655842
2013-07-29,75.958,22.82,414,0.0852173913043478,76.151,22.82,414,0.0852173913043478,75.52,76.377,75.987,0.2790125445172948,73.905,75.605,74.54257142857143,0.5599514434715658
2013-07-30,75.645,22.82,414,0.0852173913043478,75.958,22.82,414,0.0852173913043478,75.871,76.377,76.04957142857143,0.19254164669569776,73.905,75.605,74.74742857142857,0.6237544541290693
2013-07-31,75.91,22.82,414,0.0852173913043478,75.645,22.82,414,0.0852173913043478,75.645,76.377,76.01457142857143,0.2422373884827941,73.905,75.89,74.97657142857143,0.7140758263045194
2013-08-01,75.768,22.82,414,0.0852173913043478,75.91,22.82,414,0.0852173913043478,75.645,76.377,75.97457142857142,0.23131281643185603,73.905,76.19,75.21042857142857,0.8133877421290368
2013-08-02,75.587,22.82,414,0.0852173913043478,75.768,22.82,414,0.0852173913043478,75.645,76.151,75.88757142857142,0.15746624732193365,73.905,76.377,75.32071428571429,0.9210193111041179
2013-08-05,75.365,22.82,414,0.0852173913043478,75.587,22.82,414,0.0852173913043478,75.587,76.151,75.847,0.19464497595547145,73.905,76.377,75.4722857142857,0.9102039541187154
2013-08-06,74.879,22.82,414,0.0852173913043478,75.365,22.82,414,0.0852173913043478,75.365,76.151,75.76914285714285,0.26243820133864165,74.553,76.377,75.75871428571429,0.5960631158638267
2013-08-07,74.316,22.82,414,0.0852173913043478,74.879,22.82,414,0.0852173913043478,74.879,75.958,75.58742857142856,0.3716274376025462,75.52,76.377,75.987,0.2790125445172948
2013-08-08,74.048,22.82,414,0.0852173913043478,74.316,22.82,414,0.0852173913043478,74.316,75.91,75.35285714285715,0.5660805091639037,75.871,76.377,76.04957142857143,0.19254164669569776
2013-08-09,73.827,22.82,414,0.0852173913043478,74.048,22.82,414,0.0852173913043478,74.048,75.91,75.12471428571429,0.7275121337545287,75.645,76.377,76.01457142857143,0.2422373884827941
2013-08-12,73.971,22.82,414,0.0852173913043478,73.827,22.82,414,0.0852173913043478,73.827,75.768,74.82714285714285,0.7770876030766164,75.645,76.377,75.97457142857142,0.23131281643185603
2013-08-13,74.259,22.82,414,0.0852173913043478,73.971,22.82,414,0.0852173913043478,73.827,75.587,74.57042857142856,0.7082423919199887,75.645,76.151,75.88757142857142,0.15746624732193365
2013-08-14,73.99,22.82,414,0.0852173913043478,74.259,22.82,414,0.0852173913043478,73.827,75.365,74.38071428571428,0.550949699543313,75.587,76.151,75.847,0.19464497595547145
2013-08-15,72.693,22.82,414,0.0852173913043478,73.99,22.82,414,0.0852173913043478,73.827,74.879,74.1842857142857,0.35000557818445827,75.365,76.151,75.76914285714285,0.26243820133864165
2013-08-16,72.004,22.82,414,0.0852173913043478,72.693,22.82,414,0.0852173913043478,72.693,74.316,73.87199999999999,0.5467589353012154,74.879,75.958,75.58742857142856,0.3716274376025462
2013-08-19,72.339,22.82,414,0.0852173913043478,72.004,22.82,414,0.0852173913043478,72.004,74.259,73.54171428571429,0.8487578599107906,74.316,75.91,75.35285714285715,0.5660805091639037
2013-08-20,73.375,22.82,414,0.0852173913043478,72.339,22.82,414,0.0852173913043478,72.004,74.259,73.29757142857143,0.9215291381065691,74.048,75.91,75.12471428571429,0.7275121337545287
2013-08-21,72.713,22.82,414,0.0852173913043478,73.375,22.82,414,0.0852173913043478,72.004,74.259,73.23299999999999,0.8936638070317579,73.827,75.768,74.82714285714285,0.7770876030766164
2013-08-22,73.712,22.82,414,0.0852173913043478,72.713,22.82,414,0.0852173913043478,72.004,74.259,73.0532857142857,0.8457231056481177,73.827,75.587,74.57042857142856,0.7082423919199887
2013-08-23,73.98,22.82,414,0.0852173913043478,73.712,22.82,414,0.0852173913043478,72.004,73.99,72.97514285714286,0.733586947486357,73.827,75.365,74.38071428571428,0.550949699543313
2013-08-26,75.448,22.82,414,0.0852173913043478,73.98,22.82,414,0.0852173913043478,72.004,73.98,72.9737142857143,0.7312873840657885,73.827,74.879,74.1842857142857,0.35000557818445827
2013-08-27,75.057,22.82,414,0.0852173913043478,75.448,22.82,414,0.0852173913043478,72.004,75.448,73.36728571428571,1.1667395759524546,72.693,74.316,73.87199999999999,0.5467589353012154
2013-08-28,74.709,22.82,414,0.0852173913043478,75.057,22.82,414,0.0852173913043478,72.339,75.448,73.80342857142857,1.1425650757744,72.004,74.259,73.54171428571429,0.8487578599107906
2013-08-29,74.921,22.82,414,0.0852173913043478,74.709,22.82,414,0.0852173913043478,72.713,75.448,74.14200000000001,0.9751772488450595,72.004,74.259,73.29757142857143,0.9215291381065691
2013-08-30,73.99,22.82,414,0.0852173913043478,74.921,22.82,414,0.0852173913043478,72.713,75.448,74.36285714285715,0.9471827399480328,72.004,74.259,73.23299999999999,0.8936638070317579
2013-09-03,73.067,22.82,414,0.0852173913043478,73.99,22.82,414,0.0852173913043478,73.712,75.448,74.54528571428571,0.6540850388852554,72.004,74.259,73.0532857142857,0.8457231056481177
2013-09-04,74.336,22.82,414,0.0852173913043478,73.067,22.82,414,0.0852173913043478,73.067,75.448,74.45314285714286,0.816342948473321,72.004,73.99,72.97514285714286,0.733586947486357
2013-09-05,74.048,22.82,414,0.0852173913043478,74.336,22.82,414,0.0852173913043478,73.067,75.448,74.504,0.7927008683387232,72.004,73.98,72.9737142857143,0.7312873840657885
2013-09-06,74.49,22.82,414,0.0852173913043478,74.048,22.82,414,0.0852173913043478,73.067,75.057,74.304,0.6839892786671896,72.004,75.448,73.36728571428571,1.1667395759524546
2013-09-09,74.719,22.82,414,0.0852173913043478,74.49,22.82,414,0.0852173913043478,73.067,74.921,74.223,0.609468074087292,72.339,75.448,73.80342857142857,1.1425650757744
2013-09-10,74.892,22.82,414,0.0852173913043478,74.719,22.82,414,0.0852173913043478,73.067,74.921,74.22442857142858,0.6108073501898584,72.713,75.448,74.14200000000001,0.9751772488450595
2013-09-11,75.458,22.82,414,0.0852173913043478,74.892,22.82,414,0.0852173913043478,73.067,74.892,74.22028571428572,0.6053695054209228,72.713,75.448,74.36285714285715,0.9471827399480328
2013-09-12,75.163,22.82,414,0.0852173913043478,75.458,22.82,414,0.0852173913043478,73.067,75.458,74.42999999999999,0.7494306727987824,73.712,75.448,74.54528571428571,0.6540850388852554
2013-09-13,75.037,22.82,414,0.0852173913043478,75.163,22.82,414,0.0852173913043478,74.048,75.458,74.72942857142857,0.48679148757882695,73.067,75.448,74.45314285714286,0.816342948473321
2013-09-16,76.342,22.82,414,0.0852173913043478,75.037,22.82,414,0.0852173913043478,74.048,75.458,74.82957142857143,0.4639342112618912,73.067,75.448,74.504,0.7927008683387232
2013-09-17,77.531,22.82,414,0.0852173913043478,76.342,22.82,414,0.0852173913043478,74.49,76.342,75.15728571428572,0.6077580972394268,73.067,75.057,74.304,0.6839892786671896
2013-09-18,78.778,22.82,414,0.0852173913043478,77.531,22.82,414,0.0852173913043478,74.719,77.531,75.59171428571429,1.007006407506931,73.067,74.921,74.223,0.609468074087292
2013-09-19,78.386,22.82,414,0.0852173913043478,78.778,22.82,414,0.0852173913043478,74.892,78.778,76.17157142857143,1.4788237281858971,73.067,74.921,74.22442857142858,0.6108073501898584
2013-09-20,78.165,22.82,414,0.0852173913043478,78.386,22.82,414,0.0852173913043478,75.037,78.778,76.6707142857143,1.5622581641414142,73.067,74.892,74.22028571428572,0.6053695054209228
2013-09-23,78.173,22.82,414,0.0852173913043478,78.165,22.82,414,0.0852173913043478,75.037,78.778,77.05742857142857,1.5470014929034448,73.067,75.458,74.42999999999999,0.7494306727987824
2013-09-24,78.425,22.82,414,0.0852173913043478,78.173,22.82,414,0.0852173913043478,75.037,78.778,77.48742857142858,1.33670127018421,74.048,75.458,74.72942857142857,0.48679148757882695
2013-09-25,78.147,22.82,414,0.0852173913043478,78.425,22.82,414,0.0852173913043478,76.342,78.778,77.97142857142856,0.8119184805418226,74.048,75.458,74.82957142857143,0.4639342112618912
2013-09-26,78.213,22.82,414,0.0852173913043478,78.147,22.82,414,0.0852173913043478,77.531,78.778,78.22928571428572,0.37983009985990246,74.49,76.342,75.15728571428572,0.6077580972394268
2013-09-27,78.694,22.82,414,0.0852173913043478,78.213,22.82,414,0.0852173913043478,78.147,78.778,78.32671428571429,0.22797712917360097,74.719,77.531,75.59171428571429,1.007006407506931
2013-09-30,78.984,22.82,414,0.0852173913043478,78.694,22.82,414,0.0852173913043478,78.147,78.694,78.31471428571429,0.2008620706510759,74.892,78.778,76.17157142857143,1.4788237281858971
2013-10-01,79.19,25.6,451,0.0855434782608695,78.984,22.82,414,0.0852173913043478,78.147,78.984,78.40014285714287,0.32502534699332014,75.037,78.778,76.6707142857143,1.5622581641414142
2013-10-02,79.19,25.6,451,0.0855434782608695,79.19,25.6,451,0.0855434782608695,78.147,79.19,78.54657142857143,0.4187962341185927,75.037,78.778,77.05742857142857,1.5470014929034448
2013-10-03,79.117,25.6,451,0.0855434782608695,79.19,25.6,451,0.0855434782608695,78.147,79.19,78.69185714285713,0.44328900601610977,75.037,78.778,77.48742857142858,1.33670127018421
2013-10-04,79.107,25.6,451,0.0855434782608695,79.117,25.6,451,0.0855434782608695,78.147,79.19,78.79071428571429,0.450953698391345,76.342,78.778,77.97142857142856,0.8119184805418226
2013-10-07,79.049,25.6,451,0.0855434782608695,79.107,25.6,451,0.0855434782608695,78.213,79.19,78.92785714285715,0.35920441189020225,77.531,78.778,78.22928571428572,0.37983009985990246
2013-10-08,78.76,25.6,451,0.0855434782608695,79.049,25.6,451,0.0855434782608695,78.694,79.19,79.04728571428572,0.1722301892607518,78.147,78.778,78.32671428571429,0.22797712917360097
2013-10-09,79.395,25.6,451,0.0855434782608695,78.76,25.6,451,0.0855434782608695,78.76,79.19,79.05671428571429,0.15004412048725044,78.147,78.694,78.31471428571429,0.2008620706510759
2013-10-10,79.952,25.6,451,0.0855434782608695,79.395,25.6,451,0.0855434782608695,78.76,79.395,79.11542857142857,0.19152794150853064,78.147,78.984,78.40014285714287,0.32502534699332014
2013-10-11,80.689,25.6,451,0.0855434782608695,79.952,25.6,451,0.0855434782608695,78.76,79.952,79.2242857142857,0.3722542653788663,78.147,79.19,78.54657142857143,0.4187962341185927
2013-10-14,81.757,25.6,451,0.0855434782608695,80.689,25.6,451,0.0855434782608695,78.76,80.689,79.43842857142856,0.66516310208732,78.147,79.19,78.69185714285713,0.44328900601610977
2013-10-15,80.948,25.6,451,0.0855434782608695,81.757,25.6,451,0.0855434782608695,78.76,81.757,79.81557142857143,1.0748218235495373,78.147,79.19,78.79071428571429,0.450953698391345
2013-10-16,81.948,25.6,451,0.0855434782608695,80.948,25.6,451,0.0855434782608695,78.76,81.757,80.07857142857142,1.0975419289082453,78.213,79.19,78.92785714285715,0.35920441189020225
2013-10-17,82.86,25.6,451,0.0855434782608695,81.948,25.6,451,0.0855434782608695,78.76,81.948,80.4927142857143,1.1875559936661975,78.694,79.19,79.04728571428572,0.1722301892607518
2013-10-18,82.783,25.6,451,0.0855434782608695,82.86,25.6,451,0.0855434782608695,79.395,82.86,81.07842857142857,1.2015302544580935,78.76,79.19,79.05671428571429,0.15004412048725044
2013-10-21,82.966,25.6,451,0.0855434782608695,82.783,25.6,451,0.0855434782608695,79.952,82.86,81.56242857142857,1.0873430702303848,78.76,79.395,79.11542857142857,0.19152794150853064
2013-10-22,82.993,25.6,451,0.0855434782608695,82.966,25.6,451,0.0855434782608695,80.689,82.966,81.99300000000001,0.9285005833764104,78.76,79.952,79.2242857142857,0.3722542653788663
2013-10-23,83.828,25.6,451,0.0855434782608695,82.993,25.6,451,0.0855434782608695,80.948,82.993,82.32214285714285,0.7867569359004168,78.76,80.689,79.43842857142856,0.66516310208732
2013-10-24,82.938,25.6,451,0.0855434782608695,83.828,25.6,451,0.0855434782608695,80.948,83.828,82.61799999999998,0.9173710626914009,78.76,81.757,79.81557142857143,1.0748218235495373
2013-10-25,83.196,25.6,451,0.0855434782608695,82.938,25.6,451,0.0855434782608695,81.948,83.828,82.90228571428572,0.5472947756240659,78.76,81.757,80.07857142857142,1.0975419289082453
2013-10-28,83.245,25.6,451,0.0855434782608695,83.196,25.6,451,0.0855434782608695,82.783,83.828,83.08057142857142,0.35362308424517913,78.76,81.948,80.4927142857143,1.1875559936661975
2013-10-29,83.896,25.6,451,0.0855434782608695,83.245,25.6,451,0.0855434782608695,82.783,83.828,83.13557142857142,0.3433913496936047,79.395,82.86,81.07842857142857,1.2015302544580935
2013-10-30,87.822,25.6,451,0.0855434782608695,83.896,25.6,451,0.0855434782608695,82.938,83.896,83.29457142857143,0.40506865966693145,79.952,82.86,81.56242857142857,1.0873430702303848
2013-10-31,88.484,25.6,451,0.0855434782608695,87.822,25.6,451,0.0855434782608695,82.938,87.822,83.98828571428571,1.7323133583232524,80.689,82.966,81.99300000000001,0.9285005833764104
2013-11-01,88.803,25.6,451,0.0855434782608695,88.484,25.6,451,0.0855434782608695,82.938,88.484,84.77271428571429,2.342328379645285,80.948,82.993,82.32214285714285,0.7867569359004168
2013-11-04,89.665,25.6,451,0.0855434782608695,88.803,25.6,451,0.0855434782608695,82.938,88.803,85.48342857142858,2.7305044623739336,80.948,83.828,82.61799999999998,0.9173710626914009
2013-11-05,89.28,25.6,451,0.0855434782608695,89.665,25.6,451,0.0855434782608695,83.196,89.665,86.44442857142857,2.865763822388452,81.948,83.828,82.90228571428572,0.5472947756240659
2013-11-06,89.3,25.6,451,0.0855434782608695,89.28,25.6,451,0.0855434782608695,83.245,89.665,87.31357142857142,2.6291927060811497,82.783,83.828,83.08057142857142,0.35362308424517913
2013-11-07,88.589,25.6,451,0.0855434782608695,89.3,25.6,451,0.0855434782608695,83.896,89.665,88.17857142857143,1.984564423841371,82.783,83.828,83.13557142857142,0.3433913496936047
2013-11-08,89.243,25.6,451,0.0855434782608695,88.589,25.6,451,0.0855434782608695,87.822,89.665,88.849,0.620844586024364,82.938,83.896,83.29457142857143,0.40506865966693145
2013-11-11,90.251,25.6,451,0.0855434782608695,89.243,25.6,451,0.0855434782608695,88.484,89.665,89.052,0.4329611221911991,82.938,87.822,83.98828571428571,1.7323133583232524
2013-11-12,90.722,25.6,451,0.0855434782608695,90.251,25.6,451,0.0855434782608695,88.589,90.251,89.30442857142857,0.5467582820984976,82.938,88.484,84.77271428571429,2.342328379645285
2013-11-13,91.808,25.6,451,0.0855434782608695,90.722,25.6,451,0.0855434782608695,88.589,90.722,89.57857142857142,0.7101250728169225,82.938,88.803,85.48342857142858,2.7305044623739336
2013-11-14,91.56,25.6,451,0.0855434782608695,91.808,25.6,451,0.0855434782608695,88.589,91.808,89.88471428571428,1.1054775309449434,83.196,89.665,86.44442857142857,2.865763822388452
2013-11-15,91.173,25.6,451,0.0855434782608695,91.56,25.6,451,0.0855434782608695,88.589,91.808,90.21042857142858,1.226835883771652,83.245,89.665,87.31357142857142,2.6291927060811497
2013-11-18,91.086,25.6,451,0.0855434782608695,91.173,25.6,451,0.0855434782608695,88.589,91.808,90.478,1.199114951396275,83.896,89.665,88.17857142857143,1.984564423841371
2013-11-19,92.466,25.6,451,0.0855434782608695,91.086,25.6,451,0.0855434782608695,89.243,91.808,90.8347142857143,0.8696634817122741,87.822,89.665,88.849,0.620844586024364
2013-11-20,92.675,25.6,451,0.0855434782608695,92.466,25.6,451,0.0855434782608695,90.251,92.466,91.29514285714286,0.7281786476218456,88.484,89.665,89.052,0.4329611221911991
2013-11-21,93.763,25.6,451,0.0855434782608695,92.675,25.6,451,0.0855434782608695,90.722,92.675,91.64142857142858,0.7252401572647833,88.589,90.251,89.30442857142857,0.5467582820984976
2013-11-22,93.719,25.6,451,0.0855434782608695,93.763,25.6,451,0.0855434782608695,91.086,93.763,92.07585714285715,0.9565962973927657,88.589,90.722,89.57857142857142,0.7101250728169225
2013-11-25,94.342,25.6,451,0.0855434782608695,93.719,25.6,451,0.0855434782608695,91.086,93.763,92.34885714285714,1.1252352981423444,88.589,91.808,89.88471428571428,1.1054775309449434
2013-11-26,95.2,25.6,451,0.0855434782608695,94.342,25.6,451,0.0855434782608695,91.086,94.342,92.7462857142857,1.2807291821810618,88.589,91.808,90.21042857142858,1.226835883771652
2013-11-27,95.047,25.6,451,0.0855434782608695,95.2,25.6,451,0.0855434782608695,91.086,95.2,93.32157142857143,1.358333152203744,88.589,91.808,90.478,1.199114951396275
2013-11-29,94.709,25.6,451,0.0855434782608695,95.047,25.6,451,0.0855434782608695,92.466,95.2,93.88742857142857,1.0652368840038764,89.243,91.808,90.8347142857143,0.8696634817122741
2013-12-02,93.881,25.6,451,0.0855434782608695,94.709,25.6,451,0.0855434782608695,92.675,95.2,94.20785714285715,0.8892109664481948,90.251,92.466,91.29514285714286,0.7281786476218456
2013-12-03,93.534,25.6,451,0.0855434782608695,93.881,25.6,451,0.0855434782608695,93.719,95.2,94.38014285714284,0.6182751352364805,90.722,92.675,91.64142857142858,0.7252401572647833
2013-12-04,93.303,25.6,451,0.0855434782608695,93.534,25.6,451,0.0855434782608695,93.534,95.2,94.34742857142858,0.6609570982362164,91.086,93.763,92.07585714285715,0.9565962973927657
2013-12-05,92.859,25.6,451,0.0855434782608695,93.303,25.6,451,0.0855434782608695,93.303,95.2,94.28800000000001,0.7407622200552859,91.086,93.763,92.34885714285714,1.1252352981423444
2013-12-06,93.621,25.6,451,0.0855434782608695,92.859,25.6,451,0.0855434782608695,92.859,95.2,94.07614285714286,0.9144500038375171,91.086,94.342,92.7462857142857,1.2807291821810618
2013-12-09,93.611,25.6,451,0.0855434782608695,93.621,25.6,451,0.0855434782608695,92.859,95.047,93.85057142857143,0.7751597377588074,91.086,95.2,93.32157142857143,1.358333152203744
2013-12-10,92.831,25.6,451,0.0855434782608695,93.611,25.6,451,0.0855434782608695,92.859,94.709,93.64542857142855,0.5681261177846206,92.466,95.2,93.88742857142857,1.0652368840038764
2013-12-11,91.34,25.6,451,0.0855434782608695,92.831,25.6,451,0.0855434782608695,92.831,93.881,93.37714285714286,0.40101389358966877,92.675,95.2,94.20785714285715,0.8892109664481948
2013-12-12,91.425,25.6,451,0.0855434782608695,91.34,25.6,451,0.0855434782608695,91.34,93.621,93.01414285714286,0.8102025319955664,93.719,95.2,94.38014285714284,0.6182751352364805
2013-12-13,90.769,25.6,451,0.0855434782608695,91.425,25.6,451,0.0855434782608695,91.34,93.621,92.71285714285715,0.9624864377496962,93.534,95.2,94.34742857142858,0.6609570982362164
2013-12-16,91.163,25.6,451,0.0855434782608695,90.769,25.6,451,0.0855434782608695,90.769,93.621,92.35085714285712,1.1598336703390646,93.303,95.2,94.28800000000001,0.7407622200552859
2013-12-17,90.414,25.6,451,0.0855434782608695,91.163,25.6,451,0.0855434782608695,90.769,93.621,92.10857142857142,1.2119656014271714,92.859,95.2,94.07614285714286,0.9144500038375171
2013-12-18,90.962,25.6,451,0.0855434782608695,90.414,25.6,451,0.0855434782608695,90.414,93.611,91.65042857142858,1.1494949408513468,92.859,95.047,93.85057142857143,0.7751597377588074
2013-12-19,90.067,25.6,451,0.0855434782608695,90.962,25.6,451,0.0855434782608695,90.414,92.831,91.272,0.7698125312883926,92.859,94.709,93.64542857142855,0.5681261177846206
2013-12-20,90.114,25.6,451,0.0855434782608695,90.067,25.6,451,0.0855434782608695,90.067,91.425,90.87714285714286,0.4976322030568497,92.831,93.881,93.37714285714286,0.40101389358966877
2013-12-23,90.885,25.6,451,0.0855434782608695,90.114,25.6,451,0.0855434782608695,90.067,91.425,90.702,0.5226936642643651,91.34,93.621,93.01414285714286,0.8102025319955664
2013-12-24,90.904,25.6,451,0.0855434782608695,90.885,25.6,451,0.0855434782608695,90.067,91.163,90.62485714285715,0.42979740520304494,91.34,93.621,92.71285714285715,0.9624864377496962
2013-12-26,90.962,25.6,451,0.0855434782608695,90.904,25.6,451,0.0855434782608695,90.067,91.163,90.64414285714285,0.4402451697852742,90.769,93.621,92.35085714285712,1.1598336703390646
2013-12-27,90.692,25.6,451,0.0855434782608695,90.962,25.6,451,0.0855434782608695,90.067,90.962,90.61542857142857,0.40598516275402985,90.769,93.621,92.10857142857142,1.2119656014271714
2013-12-30,90.615,25.6,451,0.0855434782608695,90.692,25.6,451,0.0855434782608695,90.067,90.962,90.65514285714286,0.39648305073390355,90.414,93.611,91.65042857142858,1.1494949408513468
2013-12-31,90.424,25.6,451,0.0855434782608695,90.615,25.6,451,0.0855434782608695,90.067,90.962,90.60557142857144,0.37270223017365756,90.414,92.831,91.272,0.7698125312883926
2014-01-02,89.352,28.28,439,0.0722222222222222,90.424,25.6,451,0.0855434782608695,90.114,90.962,90.65657142857143,0.3049982825794319,90.067,91.425,90.87714285714286,0.4976322030568497
2014-01-03,89.45,28.28,439,0.0722222222222222,89.352,28.28,439,0.0722222222222222,89.352,90.962,90.54771428571429,0.5601662593290628,90.067,91.425,90.702,0.5226936642643651
2014-01-06,89.517,28.28,439,0.0722222222222222,89.45,28.28,439,0.0722222222222222,89.352,90.962,90.34271428571428,0.6683010085962464,90.067,91.163,90.62485714285715,0.42979740520304494
2014-01-07,90.672,28.28,439,0.0722222222222222,89.517,28.28,439,0.0722222222222222,89.352,90.962,90.14457142857144,0.6796685116362637,90.067,91.163,90.64414285714285,0.4402451697852742
2014-01-08,91.183,28.28,439,0.0722222222222222,90.672,28.28,439,0.0722222222222222,89.352,90.692,90.10314285714286,0.6284468761844975,90.067,90.962,90.61542857142857,0.40598516275402985
2014-01-09,93.447,28.28,439,0.0722222222222222,91.183,28.28,439,0.0722222222222222,89.352,91.183,90.17328571428573,0.7250944109269306,90.067,90.962,90.65514285714286,0.39648305073390355
2014-01-10,93.534,28.28,439,0.0722222222222222,93.447,28.28,439,0.0722222222222222,89.352,93.447,90.57785714285716,1.4451596715193684,90.067,90.962,90.60557142857144,0.37270223017365756
2014-01-13,92.84,28.28,439,0.0722222222222222,93.534,28.28,439,0.0722222222222222,89.352,93.534,91.02214285714287,1.8195374346756072,90.114,90.962,90.65657142857143,0.3049982825794319
2014-01-14,93.333,28.28,439,0.0722222222222222,92.84,28.28,439,0.0722222222222222,89.45,93.534,91.52042857142858,1.762645063262295,89.352,90.962,90.54771428571429,0.5601662593290628
2014-01-15,93.253,28.28,439,0.0722222222222222,93.333,28.28,439,0.0722222222222222,89.517,93.534,92.07514285714286,1.606564183649596,89.352,90.962,90.34271428571428,0.6683010085962464
2014-01-16,93.447,28.28,439,0.0722222222222222,93.253,28.28,439,0.0722222222222222,90.672,93.534,92.60885714285713,1.1786706394008426,89.352,90.962,90.14457142857144,0.6796685116362637
2014-01-17,92.918,28.28,439,0.0722222222222222,93.447,28.28,439,0.0722222222222222,91.183,93.534,93.0052857142857,0.8353208394125861,89.352,90.692,90.10314285714286,0.6284468761844975
2014-01-21,93.092,28.28,439,0.0722222222222222,92.918,28.28,439,0.0722222222222222,92.84,93.534,93.25314285714285,0.27185377721392834,89.352,91.183,90.17328571428573,0.7250944109269306
2014-01-22,93.101,28.28,439,0.0722222222222222,93.092,28.28,439,0.0722222222222222,92.84,93.534,93.20242857142856,0.26261813667242817,89.352,93.447,90.57785714285716,1.4451596715193684
2014-01-23,92.928,28.28,439,0.0722222222222222,93.101,28.28,439,0.0722222222222222,92.84,93.447,93.14057142857142,0.21885067750098675,89.352,93.534,91.02214285714287,1.8195374346756072
2014-01-24,90.914,28.28,439,0.0722222222222222,92.928,28.28,439,0.0722222222222222,92.918,93.447,93.15314285714287,0.20046232277453854,89.45,93.534,91.52042857142858,1.762645063262295
2014-01-27,89.68,28.28,439,0.0722222222222222,90.914,28.28,439,0.0722222222222222,90.914,93.447,92.80757142857144,0.8550424662218263,89.517,93.534,92.07514285714286,1.606564183649596
2014-01-28,90.171,28.28,439,0.0722222222222222,89.68,28.28,439,0.0722222222222222,89.68,93.447,92.29714285714286,1.4227977636282825,90.672,93.534,92.60885714285713,1.1786706394008426
2014-01-29,90.077,28.28,439,0.0722222222222222,90.171,28.28,439,0.0722222222222222,89.68,93.101,91.82914285714287,1.5171939481113554,91.183,93.534,93.0052857142857,0.8353208394125861
2014-01-30,90.856,28.28,439,0.0722222222222222,90.077,28.28,439,0.0722222222222222,89.68,93.101,91.42328571428573,1.556846140361092,92.84,93.534,93.25314285714285,0.27185377721392834
2014-01-31,90.21,28.28,439,0.0722222222222222,90.856,28.28,439,0.0722222222222222,89.68,93.101,91.10385714285715,1.3763225673944308,92.84,93.534,93.20242857142856,0.26261813667242817
2014-02-03,87.608,28.28,439,0.0722222222222222,90.21,28.28,439,0.0722222222222222,89.68,92.928,90.69085714285713,1.0787338918933063,92.84,93.447,93.14057142857142,0.21885067750098675
2014-02-04,87.84,28.28,439,0.0722222222222222,87.608,28.28,439,0.0722222222222222,87.608,90.914,89.93085714285714,1.1134032555724918,92.918,93.447,93.15314285714287,0.20046232277453854
2014-02-05,88.486,28.28,439,0.0722222222222222,87.84,28.28,439,0.0722222222222222,87.608,90.856,89.49171428571428,1.2578546172316305,90.914,93.447,92.80757142857144,0.8550424662218263
2014-02-06,88.13,28.28,439,0.0722222222222222,88.486,28.28,439,0.0722222222222222,87.608,90.856,89.32114285714286,1.3080224805099994,89.68,93.447,92.29714285714286,1.4227977636282825
2014-02-07,89.371,28.28,439,0.0722222222222222,88.13,28.28,439,0.0722222222222222,87.608,90.856,89.02957142857143,1.3144709781416726,89.68,93.101,91.82914285714287,1.5171939481113554
2014-02-10,89.246,28.28,439,0.0722222222222222,89.371,28.28,439,0.0722222222222222,87.608,90.856,88.92871428571428,1.2460113314456767,89.68,93.101,91.42328571428573,1.556846140361092
2014-02-11,90.654,28.28,439,0.0722222222222222,89.246,28.28,439,0.0722222222222222,87.608,90.21,88.69871428571427,0.942620940829914,89.68,93.101,91.10385714285715,1.3763225673944308
2014-02-12,91.163,28.28,439,0.0722222222222222,90.654,28.28,439,0.0722222222222222,87.608,90.654,88.76214285714286,1.0678795856835324,89.68,92.928,90.69085714285713,1.0787338918933063
2014-02-13,92.879,28.28,439,0.0722222222222222,91.163,28.28,439,0.0722222222222222,87.84,91.163,89.27,1.2562402901763685,87.608,90.914,89.93085714285714,1.1134032555724918
2014-02-14,92.6,28.28,439,0.0722222222222222,92.879,28.28,439,0.0722222222222222,88.13,92.879,89.98985714285713,1.6743883886918571,87.608,90.856,89.49171428571428,1.2578546172316305
2014-02-18,93.581,28.28,439,0.0722222222222222,92.6,28.28,439,0.0722222222222222,88.13,92.879,90.57757142857142,1.7773979911778828,87.608,90.856,89.32114285714286,1.3080224805099994
2014-02-19,93.072,28.28,439,0.0722222222222222,93.581,28.28,439,0.0722222222222222,89.246,93.581,91.3562857142857,1.7194993180450364,87.608,90.856,89.02957142857143,1.3144709781416726
2014-02-20,94.093,28.28,439,0.0722222222222222,93.072,28.28,439,0.0722222222222222,89.246,93.581,91.88499999999999,1.5697989255513038,87.608,90.856,88.92871428571428,1.2460113314456767
2014-02-21,97.479,28.28,439,0.0722222222222222,94.093,28.28,439,0.0722222222222222,90.654,94.093,92.57742857142857,1.2476881096824166,87.608,90.21,88.69871428571427,0.942620940829914
2014-02-24,96.877,28.28,439,0.0722222222222222,97.479,28.28,439,0.0722222222222222,91.163,97.479,93.55242857142856,1.9583923557455856,87.608,90.654,88.76214285714286,1.0678795856835324
2014-02-25,98.39,28.28,439,0.0722222222222222,96.877,28.28,439,0.0722222222222222,92.6,97.479,94.36871428571429,1.9870813365562674,87.84,91.163,89.27,1.2562402901763685
2014-02-26,97.409,28.28,439,0.0722222222222222,98.39,28.28,439,0.0722222222222222,92.6,98.39,95.15599999999999,2.3559750989052404,88.13,92.879,89.98985714285713,1.6743883886918571
2014-02-27,98.227,28.28,439,0.0722222222222222,97.409,28.28,439,0.0722222222222222,93.072,98.39,95.84299999999999,2.181085433141363,88.13,92.879,90.57757142857142,1.7773979911778828
2014-02-28,98.588,28.28,439,0.0722222222222222,98.227,28.28,439,0.0722222222222222,93.072,98.39,96.5067142857143,2.0827064694982615,89.246,93.581,91.3562857142857,1.7194993180450364
2014-03-03,97.082,28.28,439,0.0722222222222222,98.588,28.28,439,0.0722222222222222,94.093,98.588,97.2947142857143,1.5391489763577573,89.246,93.581,91.88499999999999,1.5697989255513038
2014-03-04,97.459,28.28,439,0.0722222222222222,97.082,28.28,439,0.0722222222222222,96.877,98.588,97.72171428571427,0.6747650737526415,90.654,94.093,92.57742857142857,1.2476881096824166
2014-03-05,97.936,28.28,439,0.0722222222222222,97.459,28.28,439,0.0722222222222222,96.877,98.588,97.71885714285715,0.6760052831536496,91.163,97.479,93.55242857142856,1.9583923557455856
2014-03-06,98.973,28.28,439,0.0722222222222222,97.936,28.28,439,0.0722222222222222,97.082,98.588,97.87014285714285,0.5657023447464429,92.6,97.479,94.36871428571429,1.9870813365562674
2014-03-07,99.454,28.28,439,0.0722222222222222,98.973,28.28,439,0.0722222222222222,97.082,98.973,97.95342857142857,0.6852738764236925,92.6,98.39,95.15599999999999,2.3559750989052404
2014-03-10,98.793,28.28,439,0.0722222222222222,99.454,28.28,439,0.0722222222222222,97.082,99.454,98.24557142857144,0.8342143723540386,93.072,98.39,95.84299999999999,2.181085433141363
2014-03-11,98.647,28.28,439,0.0722222222222222,98.793,28.28,439,0.0722222222222222,97.082,99.454,98.32642857142858,0.8591710844618582,93.072,98.39,96.5067142857143,2.0827064694982615
2014-03-12,99.384,28.28,439,0.0722222222222222,98.647,28.28,439,0.0722222222222222,97.082,99.454,98.33485714285715,0.8624479556384191,94.093,98.588,97.2947142857143,1.5391489763577573
2014-03-13,98.893,28.28,439,0.0722222222222222,99.384,28.28,439,0.0722222222222222,97.459,99.454,98.66371428571428,0.7344974958588517,96.877,98.588,97.72171428571427,0.6747650737526415
2014-03-14,99.5,28.28,439,0.0722222222222222,98.893,28.28,439,0.0722222222222222,97.936,99.454,98.86857142857143,0.5073443462862303,96.877,98.588,97.71885714285715,0.6760052831536496
2014-03-17,100.41,28.28,439,0.0722222222222222,99.5,28.28,439,0.0722222222222222,98.647,99.5,99.092,0.3473614831760632,97.082,98.588,97.87014285714285,0.5657023447464429
2014-03-18,100.53,28.28,439,0.0722222222222222,100.41,28.28,439,0.0722222222222222,98.647,100.41,99.29728571428572,0.5988777600001536,97.082,98.973,97.95342857142857,0.6852738764236925
2014-03-19,100.99,28.28,439,0.0722222222222222,100.53,28.28,439,0.0722222222222222,98.647,100.53,99.451,0.761747552229432,97.082,99.454,98.24557142857144,0.8342143723540386
2014-03-20,100.49,28.28,439,0.0722222222222222,100.99,28.28,439,0.0722222222222222,98.647,100.99,99.76485714285715,0.8876531658543616,97.082,99.454,98.32642857142858,0.8591710844618582
2014-03-21,101.81,28.28,439,0.0722222222222222,100.49,28.28,439,0.0722222222222222,98.893,100.99,100.02814285714285,0.765785093559466,97.082,99.454,98.33485714285715,0.8624479556384191
2014-03-24,101.98,28.28,439,0.0722222222222222,101.81,28.28,439,0.0722222222222222,98.893,101.81,100.37471428571429,0.9520043267177075,97.459,99.454,98.66371428571428,0.7344974958588517
2014-03-25,101.89,28.28,439,0.0722222222222222,101.98,28.28,439,0.0722222222222222,99.5,101.98,100.81571428571428,0.8619717153649218,97.936,99.454,98.86857142857143,0.5073443462862303
2014-03-26,102.58,28.28,439,0.0722222222222222,101.89,28.28,439,0.0722222222222222,100.41,101.98,101.15714285714284,0.7147193921516622,98.647,99.5,99.092,0.3473614831760632
2014-03-27,101.67,28.28,439,0.0722222222222222,102.58,28.28,439,0.0722222222222222,100.49,102.58,101.46714285714286,0.8019292214305664,98.647,100.41,99.29728571428572,0.5988777600001536
2014-03-28,102.14,28.28,439,0.0722222222222222,101.67,28.28,439,0.0722222222222222,100.49,102.58,101.63000000000001,0.6874833331267411,98.647,100.53,99.451,0.761747552229432
2014-03-31,103.65,28.28,439,0.0722222222222222,102.14,28.28,439,0.0722222222222222,100.49,102.58,101.79428571428572,0.6451577880040312,98.647,100.99,99.76485714285715,0.8876531658543616
2014-04-01,103.88,27.63,468,0.0909890109890109,103.65,28.28,439,0.0722222222222222,101.67,103.65,102.24571428571429,0.684759255570035,98.893,100.99,100.02814285714285,0.765785093559466
2014-04-02,104.79,27.63,468,0.0909890109890109,103.88,27.63,468,0.0909890109890109,101.67,103.88,102.54142857142858,0.883391732118025,98.893,101.81,100.37471428571429,0.9520043267177075
2014-04-03,105.06,27.63,468,0.0909890109890109,104.79,27.63,468,0.0909890109890109,101.67,104.79,102.94285714285715,1.1758077264235312,99.5,101.98,100.81571428571428,0.8619717153649218
2014-04-04,103.08,27.63,468,0.0909890109890109,105.06,27.63,468,0.0909890109890109,101.67,105.06,103.3957142857143,1.3059716324466193,100.41,101.98,101.15714285714284,0.7147193921516622
2014-04-07,101.96,27.63,468,0.0909890109890109,103.08,27.63,468,0.0909890109890109,101.67,105.06,103.46714285714286,1.2670137369094228,100.49,102.58,101.46714285714286,0.8019292214305664
2014-04-08,101.42,27.63,468,0.0909890109890109,101.96,27.63,468,0.0909890109890109,101.96,105.06,103.50857142857141,1.2015050086069774,100.49,102.58,101.63000000000001,0.6874833331267411
2014-04-09,101.73,27.63,468,0.0909890109890109,101.42,27.63,468,0.0909890109890109,101.42,105.06,103.40571428571427,1.3587231400921798,100.49,102.58,101.79428571428572,0.6451577880040312
2014-04-10,98.995,27.63,468,0.0909890109890109,101.73,27.63,468,0.0909890109890109,101.42,105.06,103.13142857142857,1.4887626693693354,101.67,103.65,102.24571428571429,0.684759255570035
2014-04-11,98.647,27.63,468,0.0909890109890109,98.995,27.63,468,0.0909890109890109,98.995,105.06,102.43357142857143,2.0991718888745505,101.67,103.88,102.54142857142858,0.883391732118025
2014-04-14,98.983,27.63,468,0.0909890109890109,98.647,27.63,468,0.0909890109890109,98.647,105.06,101.55600000000001,2.229857319798808,101.67,104.79,102.94285714285715,1.1758077264235312
2014-04-15,98.983,27.63,468,0.0909890109890109,98.983,27.63,468,0.0909890109890109,98.647,103.08,100.68785714285714,1.7748328962236413,101.67,105.06,103.3957142857143,1.3059716324466193
2014-04-16,98.763,27.63,468,0.0909890109890109,98.983,27.63,468,0.0909890109890109,98.647,101.96,100.10257142857144,1.5103236802227198,101.67,105.06,103.46714285714286,1.2670137369094228
2014-04-17,98.44,27.63,468,0.0909890109890109,98.763,27.63,468,0.0909890109890109,98.647,101.73,99.64585714285715,1.3273256857999962,101.96,105.06,103.50857142857141,1.2015050086069774
2014-04-21,99.78,27.63,468,0.0909890109890109,98.44,27.63,468,0.0909890109890109,98.44,101.73,99.22014285714286,1.1261024862408544,101.42,105.06,103.40571428571427,1.3587231400921798
2014-04-22,99.27,27.63,468,0.0909890109890109,99.78,27.63,468,0.0909890109890109,98.44,99.78,98.94157142857144,0.4241626484911434,101.42,105.06,103.13142857142857,1.4887626693693354
2014-04-23,98.697,27.63,468,0.0909890109890109,99.27,27.63,468,0.0909890109890109,98.44,99.78,98.98085714285715,0.4422840070036493,98.995,105.06,102.43357142857143,2.0991718888745505
2014-04-24,98.197,27.63,468,0.0909890109890109,98.697,27.63,468,0.0909890109890109,98.44,99.78,98.98799999999999,0.4363576514673028,98.647,105.06,101.55600000000001,2.229857319798808
2014-04-25,97.082,27.63,468,0.0909890109890109,98.197,27.63,468,0.0909890109890109,98.197,99.78,98.8757142857143,0.5291262339202707,98.647,103.08,100.68785714285714,1.7748328962236413
2014-04-28,97.469,27.63,468,0.0909890109890109,97.082,27.63,468,0.0909890109890109,97.082,99.78,98.60414285714286,0.8533747571756523,98.647,101.96,100.10257142857144,1.5103236802227198
2014-04-29,98.169,27.63,468,0.0909890109890109,97.469,27.63,468,0.0909890109890109,97.082,99.78,98.4192857142857,0.9481208984562045,98.647,101.73,99.64585714285715,1.3273256857999962
2014-04-30,98.687,27.63,468,0.0909890109890109,98.169,27.63,468,0.0909890109890109,97.082,99.78,98.38057142857143,0.9526560864455695,98.44,101.73,99.22014285714286,1.1261024862408544
2014-05-01,99.7,27.63,468,0.0909890109890109,98.687,27.63,468,0.0909890109890109,97.082,99.27,98.22442857142858,0.7538960708933827,98.44,99.78,98.94157142857144,0.4241626484911434
2014-05-02,100.47,27.63,468,0.0909890109890109,99.7,27.63,468,0.0909890109890109,97.082,99.7,98.28585714285714,0.8629245676871151,98.44,99.78,98.98085714285715,0.4422840070036493
2014-05-05,100.14,27.63,468,0.0909890109890109,100.47,27.63,468,0.0909890109890109,97.082,100.47,98.53914285714286,1.198624131877023,98.44,99.78,98.98799999999999,0.4363576514673028
2014-05-06,100.46,27.63,468,0.0909890109890109,100.14,27.63,468,0.0909890109890109,97.082,100.47,98.8167142857143,1.3245476855978635,98.197,99.78,98.8757142857143,0.5291262339202707
2014-05-07,101.85,27.63,468,0.0909890109890109,100.46,27.63,468,0.0909890109890109,97.469,100.47,99.2992857142857,1.1963547013417688,97.082,99.78,98.60414285714286,0.8533747571756523
2014-05-08,100.77,27.63,468,0.0909890109890109,101.85,27.63,468,0.0909890109890109,98.169,101.85,99.92514285714286,1.2248744736438577,97.082,99.78,98.4192857142857,0.9481208984562045
2014-05-09,101.57,27.63,468,0.0909890109890109,100.77,27.63,468,0.0909890109890109,98.687,101.85,100.29671428571429,0.9716989784679562,97.082,99.78,98.38057142857143,0.9526560864455695
2014-05-12,102.78,27.63,468,0.0909890109890109,101.57,27.63,468,0.0909890109890109,99.7,101.85,100.70857142857143,0.7646225336996669,97.082,99.27,98.22442857142858,0.7538960708933827
2014-05-13,102.73,27.63,468,0.0909890109890109,102.78,27.63,468,0.0909890109890109,100.14,102.78,101.14857142857143,0.950989459654809,97.082,99.7,98.28585714285714,0.8629245676871151
2014-05-14,102.72,27.63,468,0.0909890109890109,102.73,27.63,468,0.0909890109890109,100.14,102.78,101.47142857142858,1.0596450438902394,97.082,100.47,98.53914285714286,1.198624131877023
2014-05-15,101.69,27.63,468,0.0909890109890109,102.72,27.63,468,0.0909890109890109,100.46,102.78,101.84,0.9637081162503424,97.082,100.47,98.8167142857143,1.3245476855978635
2014-05-16,101.7,27.63,468,0.0909890109890109,101.69,27.63,468,0.0909890109890109,100.77,102.78,102.01571428571428,0.760961171647618,97.469,100.47,99.2992857142857,1.1963547013417688
2014-05-19,102.57,27.63,468,0.0909890109890109,101.7,27.63,468,0.0909890109890109,100.77,102.78,101.99428571428572,0.7684802565813383,98.169,101.85,99.92514285714286,1.2248744736438577
2014-05-20,101.61,27.63,468,0.0909890109890109,102.57,27.63,468,0.0909890109890109,101.57,102.78,102.25142857142858,0.5646659357894512,98.687,101.85,100.29671428571429,0.9716989784679562
2014-05-21,102.4,27.63,468,0.0909890109890109,101.61,27.63,468,0.0909890109890109,101.61,102.78,102.25714285714287,0.5567678835779158,99.7,101.85,100.70857142857143,0.7646225336996669
2014-05-22,102.32,27.63,468,0.0909890109890109,102.4,27.63,468,0.0909890109890109,101.61,102.73,102.20285714285714,0.5141891443660047,100.14,102.78,101.14857142857143,0.950989459654809
2014-05-23,102.11,27.63,468,0.0909890109890109,102.32,27.63,468,0.0909890109890109,101.61,102.72,102.14428571428572,0.4651471861199257,100.14,102.78,101.47142857142858,1.0596450438902394
2014-05-27,102.89,27.63,468,0.0909890109890109,102.11,27.63,468,0.0909890109890109,101.61,102.57,102.05714285714286,0.3904576069825513,100.46,102.78,101.84,0.9637081162503424
2014-05-28,103.15,27.63,468,0.0909890109890109,102.89,27.63,468,0.0909890109890109,101.61,102.89,102.22857142857143,0.4596893360821535,100.77,102.78,102.01571428571428,0.760961171647618
2014-05-29,103.44,27.63,468,0.0909890109890109,103.15,27.63,468,0.0909890109890109,101.61,103.15,102.4357142857143,0.5061573254320888,100.77,102.78,101.99428571428572,0.7684802565813383
2014-05-30,103.4,27.63,468,0.0909890109890109,103.44,27.63,468,0.0909890109890109,101.61,103.44,102.55999999999999,0.6350328075461706,101.57,102.78,102.25142857142858,0.5646659357894512
2014-06-02,102.84,27.63,468,0.0909890109890109,103.4,27.63,468,0.0909890109890109,102.11,103.44,102.8157142857143,0.5423669465916655,101.61,102.78,102.25714285714287,0.5567678835779158
2014-06-03,103.66,27.63,468,0.0909890109890109,102.84,27.63,468,0.0909890109890109,102.11,103.44,102.87857142857142,0.5107324339033797,101.61,102.73,102.20285714285714,0.5141891443660047
2014-06-04,104.28,27.63,468,0.0909890109890109,103.66,27.63,468,0.0909890109890109,102.11,103.66,103.07000000000001,0.5175583702925538,101.61,102.72,102.14428571428572,0.4651471861199257
2014-06-05,104.44,27.63,468,0.0909890109890109,104.28,27.63,468,0.0909890109890109,102.84,104.28,103.38000000000001,0.4961518584665763,101.61,102.57,102.05714285714286,0.3904576069825513
2014-06-06,104.49,27.63,468,0.0909890109890109,104.44,27.63,468,0.0909890109890109,102.84,104.44,103.60142857142856,0.5798398793696593,101.61,102.89,102.22857142857143,0.4596893360821535
2014-06-09,104.34,27.63,468,0.0909890109890109,104.49,27.63,468,0.0909890109890109,102.84,104.49,103.79285714285713,0.6253722700788544,101.61,103.15,102.4357142857143,0.5061573254320888
2014-06-10,103.7,27.63,468,0.0909890109890109,104.34,27.63,468,0.0909890109890109,102.84,104.49,103.92142857142858,0.6332042474910465,101.61,103.44,102.55999999999999,0.6350328075461706
2014-06-11,103.22,27.63,468,0.0909890109890109,103.7,27.63,468,0.0909890109890109,102.84,104.49,103.96428571428571,0.6013833259702023,102.11,103.44,102.8157142857143,0.5423669465916655
2014-06-12,103.07,27.63,468,0.0909890109890109,103.22,27.63,468,0.0909890109890109,103.22,104.49,104.01857142857143,0.4897764310111536,102.11,103.44,102.87857142857142,0.5107324339033797
2014-06-13,101.65,27.63,468,0.0909890109890109,103.07,27.63,468,0.0909890109890109,103.07,104.49,103.9342857142857,0.6001071332867627,102.11,103.66,103.07000000000001,0.5175583702925538
2014-06-16,100.97,27.63,468,0.0909890109890109,101.65,27.63,468,0.0909890109890109,101.65,104.49,103.55857142857143,1.0223409178811556,102.84,104.28,103.38000000000001,0.4961518584665763
2014-06-17,101.26,27.63,468,0.0909890109890109,100.97,27.63,468,0.0909890109890109,100.97,104.49,103.06285714285715,1.3212836471339806,102.84,104.44,103.60142857142856,0.5798398793696593
2014-06-18,102.19,27.63,468,0.0909890109890109,101.26,27.63,468,0.0909890109890109,100.97,104.34,102.60142857142857,1.3037053421079756,102.84,104.49,103.79285714285713,0.6253722700788544
2014-06-19,102.09,27.63,468,0.0909890109890109,102.19,27.63,468,0.0909890109890109,100.97,103.7,102.2942857142857,1.0554755191011593,102.84,104.49,103.92142857142858,0.6332042474910465
2014-06-20,102.11,27.63,468,0.0909890109890109,102.09,27.63,468,0.0909890109890109,100.97,103.22,102.0642857142857,0.8543585730955633,102.84,104.49,103.96428571428571,0.6013833259702023
2014-06-23,102.01,27.63,468,0.0909890109890109,102.11,27.63,468,0.0909890109890109,100.97,103.07,101.9057142857143,0.6916130214374979,103.22,104.49,104.01857142857143,0.4897764310111536
2014-06-24,101.58,27.63,468,0.0909890109890109,102.01,27.63,468,0.0909890109890109,100.97,102.19,101.75428571428571,0.47692966436913986,103.07,104.49,103.9342857142857,0.6001071332867627
2014-06-25,102.03,27.63,468,0.0909890109890109,101.58,27.63,468,0.0909890109890109,100.97,102.19,101.74428571428572,0.48020332994325976,101.65,104.49,103.55857142857143,1.0223409178811556
2014-06-26,102.01,27.63,468,0.0909890109890109,102.03,27.63,468,0.0909890109890109,101.26,102.19,101.89571428571428,0.3428244031890238,100.97,104.49,103.06285714285715,1.3212836471339806
2014-06-27,102.0,27.63,468,0.0909890109890109,102.01,27.63,468,0.0909890109890109,101.58,102.19,102.00285714285714,0.19737563894886073,100.97,104.34,102.60142857142857,1.3037053421079756
2014-06-30,102.42,27.63,468,0.0909890109890109,102.0,27.63,468,0.0909890109890109,101.58,102.11,101.97571428571428,0.17961599248183954,100.97,103.7,102.2942857142857,1.0554755191011593
2014-07-01,104.45,26.84,457,0.0891304347826087,102.42,27.63,468,0.0909890109890109,101.58,102.42,102.02285714285715,0.24574473785577292,100.97,103.22,102.0642857142857,0.8543585730955633
2014-07-02,104.21,26.84,457,0.0891304347826087,104.45,26.84,457,0.0891304347826087,101.58,104.45,102.35714285714286,0.9542486448425117,100.97,103.07,101.9057142857143,0.6916130214374979
2014-07-03,104.09,26.84,457,0.0891304347826087,104.21,26.84,457,0.0891304347826087,101.58,104.45,102.67142857142858,1.1607961143288175,100.97,102.19,101.75428571428571,0.47692966436913986
2014-07-07,102.76,26.84,457,0.0891304347826087,104.09,26.84,457,0.0891304347826087,102.0,104.45,103.03,1.1551190414815389,100.97,102.19,101.74428571428572,0.48020332994325976
2014-07-08,102.64,26.84,457,0.0891304347826087,102.76,26.84,457,0.0891304347826087,102.0,104.45,103.13428571428572,1.0803218215367383,101.26,102.19,101.89571428571428,0.3428244031890238
2014-07-09,102.98,26.84,457,0.0891304347826087,102.64,26.84,457,0.0891304347826087,102.0,104.45,103.22428571428573,0.9938285758059335,101.58,102.19,102.00285714285714,0.19737563894886073
2014-07-10,103.41,26.84,457,0.0891304347826087,102.98,26.84,457,0.0891304347826087,102.42,104.45,103.36428571428573,0.8514469477043783,101.58,102.11,101.97571428571428,0.17961599248183954
2014-07-11,103.72,26.84,457,0.0891304347826087,103.41,26.84,457,0.0891304347826087,102.64,104.45,103.50571428571428,0.7438829913064885,101.58,102.42,102.02285714285715,0.24574473785577292
2014-07-14,103.94,26.84,457,0.0891304347826087,103.72,26.84,457,0.0891304347826087,102.64,104.21,103.40142857142858,0.6322296147029818,101.58,104.45,102.35714285714286,0.9542486448425117
2014-07-15,103.84,26.84,457,0.0891304347826087,103.94,26.84,457,0.0891304347826087,102.64,104.09,103.36285714285714,0.5808245370594658,101.58,104.45,102.67142857142858,1.1607961143288175
2014-07-16,103.03,26.84,457,0.0891304347826087,103.84,26.84,457,0.0891304347826087,102.64,103.94,103.32714285714285,0.5345002115843167,102.0,104.45,103.03,1.1551190414815389
2014-07-17,102.12,26.84,457,0.0891304347826087,103.03,26.84,457,0.0891304347826087,102.64,103.94,103.36571428571428,0.4950372761268649,102.0,104.45,103.13428571428572,1.0803218215367383
2014-07-18,102.53,26.84,457,0.0891304347826087,102.12,26.84,457,0.0891304347826087,102.12,103.94,103.29142857142857,0.6399069872834325,102.0,104.45,103.22428571428573,0.9938285758059335
2014-07-21,102.23,26.84,457,0.0891304347826087,102.53,26.84,457,0.0891304347826087,102.12,103.94,103.22714285714285,0.6965082982398858,102.42,104.45,103.36428571428573,0.8514469477043783
2014-07-22,103.04,26.84,457,0.0891304347826087,102.23,26.84,457,0.0891304347826087,102.12,103.94,103.05857142857143,0.7823773294948627,102.64,104.45,103.50571428571428,0.7438829913064885
2014-07-23,103.24,26.84,457,0.0891304347826087,103.04,26.84,457,0.0891304347826087,102.12,103.94,102.96142857142857,0.726806452255933,102.64,104.21,103.40142857142858,0.6322296147029818
2014-07-24,103.12,26.84,457,0.0891304347826087,103.24,26.84,457,0.0891304347826087,102.12,103.84,102.86142857142859,0.6082057922344477,102.64,104.09,103.36285714285714,0.5808245370594658
2014-07-25,102.76,26.84,457,0.0891304347826087,103.12,26.84,457,0.0891304347826087,102.12,103.24,102.75857142857144,0.45729015483338264,102.64,103.94,103.32714285714285,0.5345002115843167
2014-07-28,103.53,26.84,457,0.0891304347826087,102.76,26.84,457,0.0891304347826087,102.12,103.24,102.72000000000001,0.4417012564995213,102.64,103.94,103.36571428571428,0.4950372761268649
2014-07-29,102.59,26.84,457,0.0891304347826087,103.53,26.84,457,0.0891304347826087,102.23,103.53,102.92142857142858,0.44397554629453223,102.12,103.94,103.29142857142857,0.6399069872834325
2014-07-30,105.61,26.84,457,0.0891304347826087,102.59,26.84,457,0.0891304347826087,102.23,103.53,102.93000000000002,0.43566041820808293,102.12,103.94,103.22714285714285,0.6965082982398858
2014-07-31,104.48,26.84,457,0.0891304347826087,105.61,26.84,457,0.0891304347826087,102.59,105.61,103.41285714285716,1.0164597759791965,102.12,103.94,103.05857142857143,0.7823773294948627
2014-08-01,102.93,26.84,457,0.0891304347826087,104.48,26.84,457,0.0891304347826087,102.59,105.61,103.61857142857141,1.0725892126256018,102.12,103.94,102.96142857142857,0.726806452255933
2014-08-04,103.64,26.84,457,0.0891304347826087,102.93,26.84,457,0.0891304347826087,102.59,105.61,103.57428571428571,1.0969481474018856,102.12,103.84,102.86142857142859,0.6082057922344477
2014-08-05,103.12,26.84,457,0.0891304347826087,103.64,26.84,457,0.0891304347826087,102.59,105.61,103.64857142857143,1.0785086705141216,102.12,103.24,102.75857142857144,0.45729015483338264
2014-08-06,101.96,26.84,457,0.0891304347826087,103.12,26.84,457,0.0891304347826087,102.59,105.61,103.7,1.03685421668615,102.12,103.24,102.72000000000001,0.4417012564995213
2014-08-07,100.94,26.84,457,0.0891304347826087,101.96,26.84,457,0.0891304347826087,101.96,105.61,103.47571428571429,1.2313252635900507,102.23,103.53,102.92142857142858,0.44397554629453223
2014-08-08,102.17,26.84,457,0.0891304347826087,100.94,26.84,457,0.0891304347826087,100.94,105.61,103.24,1.5466846263303164,102.23,103.53,102.93000000000002,0.43566041820808293
2014-08-11,102.02,26.84,457,0.0891304347826087,102.17,26.84,457,0.0891304347826087,100.94,104.48,102.74857142857142,1.1683953179642854,102.59,105.61,103.41285714285716,1.0164597759791965
2014-08-12,101.35,26.84,457,0.0891304347826087,102.02,26.84,457,0.0891304347826087,100.94,103.64,102.39714285714285,0.8999391513784342,102.59,105.61,103.61857142857141,1.0725892126256018
2014-08-13,102.78,26.84,457,0.0891304347826087,101.35,26.84,457,0.0891304347826087,100.94,103.64,102.17142857142858,0.9412124905536613,102.59,105.61,103.57428571428571,1.0969481474018856
2014-08-14,103.2,26.84,457,0.0891304347826087,102.78,26.84,457,0.0891304347826087,100.94,103.12,102.04857142857144,0.7553460260310494,102.59,105.61,103.64857142857143,1.0785086705141216
2014-08-15,103.35,26.84,457,0.0891304347826087,103.2,26.84,457,0.0891304347826087,100.94,103.2,102.05999999999999,0.7746181855124581,102.59,105.61,103.7,1.03685421668615
2014-08-18,104.05,26.84,457,0.0891304347826087,103.35,26.84,457,0.0891304347826087,100.94,103.35,102.25857142857141,0.9108865383282138,101.96,105.61,103.47571428571429,1.2313252635900507
2014-08-19,104.41,26.84,457,0.0891304347826087,104.05,26.84,457,0.0891304347826087,101.35,104.05,102.70285714285716,0.9189797655645427,100.94,105.61,103.24,1.5466846263303164
2014-08-20,104.57,26.84,457,0.0891304347826087,104.41,26.84,457,0.0891304347826087,101.35,104.41,103.02285714285713,1.0786367056847181,100.94,104.48,102.74857142857142,1.1683953179642854
2014-08-21,105.29,26.84,457,0.0891304347826087,104.57,26.84,457,0.0891304347826087,101.35,104.57,103.38714285714285,1.1135336289714644,100.94,103.64,102.39714285714285,0.8999391513784342
2014-08-22,105.43,26.84,457,0.0891304347826087,105.29,26.84,457,0.0891304347826087,102.78,105.29,103.95,0.8844018694348501,100.94,103.64,102.17142857142858,0.9412124905536613
2014-08-25,106.01,26.84,457,0.0891304347826087,105.43,26.84,457,0.0891304347826087,103.2,105.43,104.32857142857142,0.8671106921115255,100.94,103.12,102.04857142857144,0.7553460260310494
2014-08-26,106.17,26.84,457,0.0891304347826087,106.01,26.84,457,0.0891304347826087,103.35,106.01,104.73,0.9070832376321146,100.94,103.2,102.05999999999999,0.7746181855124581
2014-08-27,106.22,26.84,457,0.0891304347826087,106.17,26.84,457,0.0891304347826087,104.05,106.17,105.13285714285715,0.8134231019895379,100.94,103.35,102.25857142857141,0.9108865383282138
2014-08-28,105.88,26.84,457,0.0891304347826087,106.22,26.84,457,0.0891304347826087,104.41,106.22,105.44285714285715,0.7423546835466173,101.35,104.05,102.70285714285716,0.9189797655645427
2014-08-29,106.49,26.84,457,0.0891304347826087,105.88,26.84,457,0.0891304347826087,104.57,106.22,105.65285714285713,0.5947188211109404,101.35,104.41,103.02285714285713,1.0786367056847181
2014-09-02,106.93,26.84,457,0.0891304347826087,106.49,26.84,457,0.0891304347826087,105.29,106.49,105.92714285714285,0.4327706970019695,101.35,104.57,103.38714285714285,1.1135336289714644
2014-09-03,106.98,26.84,457,0.0891304347826087,106.93,26.84,457,0.0891304347826087,105.43,106.93,106.16142857142857,0.47245559125421466,102.78,105.29,103.95,0.8844018694348501
2014-09-04,106.61,26.84,457,0.0891304347826087,106.98,26.84,457,0.0891304347826087,105.88,106.98,106.38285714285715,0.43419328589567535,103.2,105.43,104.32857142857142,0.8671106921115255
2014-09-05,106.7,26.84,457,0.0891304347826087,106.61,26.84,457,0.0891304347826087,105.88,106.98,106.46857142857142,0.4066705698400406,103.35,106.01,104.73,0.9070832376321146
2014-09-08,106.76,26.84,457,0.0891304347826087,106.7,26.84,457,0.0891304347826087,105.88,106.98,106.5442857142857,0.3908476746188624,104.05,106.17,105.13285714285715,0.8134231019895379
2014-09-09,106.7,26.84,457,0.0891304347826087,106.76,26.84,457,0.0891304347826087,105.88,106.98,106.62142857142858,0.36884633526806626,104.41,106.22,105.44285714285715,0.7423546835466173
2014-09-10,106.51,26.84,457,0.0891304347826087,106.7,26.84,457,0.0891304347826087,106.49,106.98,106.73857142857143,0.1716030857551066,104.57,106.22,105.65285714285713,0.5947188211109404
2014-09-11,107.21,26.84,457,0.0891304347826087,106.51,26.84,457,0.0891304347826087,106.51,106.98,106.74142857142859,0.1668760589200074,105.29,106.49,105.92714285714285,0.4327706970019695
2014-09-12,106.61,26.84,457,0.0891304347826087,107.21,26.84,457,0.0891304347826087,106.51,107.21,106.78142857142858,0.23800760290517578,105.43,106.93,106.16142857142857,0.47245559125421466
2014-09-15,105.74,26.84,457,0.0891304347826087,106.61,26.84,457,0.0891304347826087,106.51,107.21,106.72857142857141,0.2274077520827742,105.88,106.98,106.38285714285715,0.43419328589567535
2014-09-16,106.51,26.84,457,0.0891304347826087,105.74,26.84,457,0.0891304347826087,105.74,107.21,106.60428571428572,0.4407137068683505,105.88,106.98,106.46857142857142,0.4066705698400406
2014-09-17,106.03,26.84,457,0.0891304347826087,106.51,26.84,457,0.0891304347826087,105.74,107.21,106.57714285714285,0.4396860351624596,105.88,106.98,106.5442857142857,0.3908476746188624
2014-09-18,106.33,26.84,457,0.0891304347826087,106.03,26.84,457,0.0891304347826087,105.74,107.21,106.47285714285715,0.4742964714714117,105.88,106.98,106.62142857142858,0.36884633526806626
2014-09-19,105.41,26.84,457,0.0891304347826087,106.33,26.84,457,0.0891304347826087,105.74,107.21,106.41999999999999,0.46529560495785516,106.49,106.98,106.73857142857143,0.1716030857551066
2014-09-22,104.61,26.84,457,0.0891304347826087,105.41,26.84,457,0.0891304347826087,105.41,107.21,106.26285714285714,0.5969565669713853,106.51,106.98,106.74142857142859,0.1668760589200074
2014-09-23,103.27,26.84,457,0.0891304347826087,104.61,26.84,457,0.0891304347826087,104.61,106.61,105.89142857142858,0.7079648901657914,106.51,107.21,106.78142857142858,0.23800760290517578
2014-09-24,103.82,26.84,457,0.0891304347826087,103.27,26.84,457,0.0891304347826087,103.27,106.51,105.41428571428573,1.13791999048929,106.51,107.21,106.72857142857141,0.2274077520827742
2014-09-25,103.37,26.84,457,0.0891304347826087,103.82,26.84,457,0.0891304347826087,103.27,106.51,105.14,1.2700524923508538,105.74,107.21,106.60428571428572,0.4407137068683505
2014-09-26,103.3,26.84,457,0.0891304347826087,103.37,26.84,457,0.0891304347826087,103.27,106.33,104.69142857142857,1.2600056689188441,105.74,107.21,106.57714285714285,0.4396860351624596
2014-09-29,103.63,26.84,457,0.0891304347826087,103.3,26.84,457,0.0891304347826087,103.27,106.33,104.30142857142856,1.197586859358301,105.74,107.21,106.47285714285715,0.4742964714714117
2014-09-30,102.2,26.84,457,0.0891304347826087,103.63,26.84,457,0.0891304347826087,103.27,105.41,103.9157142857143,0.8061814754892453,105.74,107.21,106.41999999999999,0.46529560495785516
2014-10-01,102.35,27.23,476,0.1013043478260869,102.2,26.84,457,0.0891304347826087,102.2,104.61,103.45714285714284,0.7232268958291427,105.41,107.21,106.26285714285714,0.5969565669713853
2014-10-02,102.88,27.23,476,0.1013043478260869,102.35,27.23,476,0.1013043478260869,102.2,103.82,103.13428571428571,0.619861735729946,104.61,106.61,105.89142857142858,0.7079648901657914
2014-10-03,103.88,27.23,476,0.1013043478260869,102.88,27.23,476,0.1013043478260869,102.2,103.82,103.07857142857142,0.6231486866774775,103.27,106.51,105.41428571428573,1.13791999048929
2014-10-06,106.21,27.23,476,0.1013043478260869,103.88,27.23,476,0.1013043478260869,102.2,103.88,103.08714285714287,0.635340178841793,103.27,106.51,105.14,1.2700524923508538
2014-10-07,105.0,27.23,476,0.1013043478260869,106.21,27.23,476,0.1013043478260869,102.2,106.21,103.49285714285715,1.3504285034205457,103.27,106.33,104.69142857142857,1.2600056689188441
2014-10-08,106.96,27.23,476,0.1013043478260869,105.0,27.23,476,0.1013043478260869,102.2,106.21,103.7357142857143,1.4585021670954232,103.27,106.33,104.30142857142856,1.197586859358301
2014-10-09,105.43,27.23,476,0.1013043478260869,106.96,27.23,476,0.1013043478260869,102.2,106.96,104.21142857142856,1.8957885656654003,103.27,105.41,103.9157142857143,0.8061814754892453
2014-10-10,104.1,27.23,476,0.1013043478260869,105.43,27.23,476,0.1013043478260869,102.35,106.96,104.67285714285715,1.708446802269182,102.2,104.61,103.45714285714284,0.7232268958291427
2014-10-13,102.56,27.23,476,0.1013043478260869,104.1,27.23,476,0.1013043478260869,102.88,106.96,104.92285714285713,1.4146697410292441,102.2,103.82,103.13428571428571,0.619861735729946
2014-10-14,102.53,27.23,476,0.1013043478260869,102.56,27.23,476,0.1013043478260869,102.56,106.96,104.87714285714286,1.494598210060844,102.2,103.82,103.07857142857142,0.6231486866774775
2014-10-15,101.71,27.23,476,0.1013043478260869,102.53,27.23,476,0.1013043478260869,102.53,106.96,104.6842857142857,1.7154868807684118,102.2,103.88,103.08714285714287,0.635340178841793
2014-10-16,101.19,27.23,476,0.1013043478260869,101.71,27.23,476,0.1013043478260869,101.71,106.96,104.04142857142857,1.8833961220025803,102.2,106.21,103.49285714285715,1.3504285034205457
2014-10-17,103.35,27.23,476,0.1013043478260869,101.19,27.23,476,0.1013043478260869,101.19,106.96,103.49714285714285,2.0984574833713694,102.2,106.21,103.7357142857143,1.4585021670954232
2014-10-20,104.23,27.23,476,0.1013043478260869,103.35,27.23,476,0.1013043478260869,101.19,105.43,102.98142857142857,1.4485444254059054,102.2,106.96,104.21142857142856,1.8957885656654003
2014-10-21,106.3,27.23,476,0.1013043478260869,104.23,27.23,476,0.1013043478260869,101.19,104.23,102.80999999999999,1.150898199955262,102.35,106.96,104.67285714285715,1.708446802269182
2014-10-22,105.94,27.23,476,0.1013043478260869,106.3,27.23,476,0.1013043478260869,101.19,106.3,103.12428571428572,1.7210448100176787,102.88,106.96,104.92285714285713,1.4146697410292441
2014-10-23,107.09,27.23,476,0.1013043478260869,105.94,27.23,476,0.1013043478260869,101.19,106.3,103.60714285714286,1.9895452938256912,102.56,106.96,104.87714285714286,1.494598210060844
2014-10-24,107.9,27.23,476,0.1013043478260869,107.09,27.23,476,0.1013043478260869,101.19,107.09,104.25857142857141,2.3003364143187874,102.53,106.96,104.6842857142857,1.7154868807684118
2014-10-27,107.98,27.23,476,0.1013043478260869,107.9,27.23,476,0.1013043478260869,101.19,107.9,105.14285714285714,2.346640963061264,101.71,106.96,104.04142857142857,1.8833961220025803
2014-10-28,109.02,27.23,476,0.1013043478260869,107.98,27.23,476,0.1013043478260869,103.35,107.98,106.11285714285715,1.7738067753235236,101.19,106.96,103.49714285714285,2.0984574833713694
2014-10-29,109.19,27.23,476,0.1013043478260869,109.02,27.23,476,0.1013043478260869,104.23,109.02,106.92285714285715,1.5865971373299304,101.19,105.43,102.98142857142857,1.4485444254059054
2014-10-30,109.79,27.23,476,0.1013043478260869,109.19,27.23,476,0.1013043478260869,105.94,109.19,107.63142857142857,1.2568270707250278,101.19,104.23,102.80999999999999,1.150898199955262
2014-10-31,111.02,27.23,476,0.1013043478260869,109.79,27.23,476,0.1013043478260869,105.94,109.79,108.13000000000001,1.3306890445653488,101.19,106.3,103.12428571428572,1.7210448100176787
2014-11-03,110.65,27.23,476,0.1013043478260869,111.02,27.23,476,0.1013043478260869,107.09,111.02,108.85571428571428,1.3224832342055293,101.19,106.3,103.60714285714286,1.9895452938256912
2014-11-04,110.45,27.23,476,0.1013043478260869,110.65,27.23,476,0.1013043478260869,107.9,111.02,109.36428571428573,1.2100255802067394,101.19,107.09,104.25857142857141,2.3003364143187874
2014-11-05,110.14,27.23,476,0.1013043478260869,110.45,27.23,476,0.1013043478260869,107.98,111.02,109.72857142857143,1.0716564836925704,101.19,107.9,105.14285714285714,2.346640963061264
2014-11-06,111.13,27.23,476,0.1013043478260869,110.14,27.23,476,0.1013043478260869,109.02,111.02,110.03714285714285,0.7456476890483489,103.35,107.98,106.11285714285715,1.7738067753235236
2014-11-07,110.81,27.23,476,0.1013043478260869,111.13,27.23,476,0.1013043478260869,109.19,111.13,110.33857142857143,0.6903725702161916,104.23,109.02,106.92285714285715,1.5865971373299304
2014-11-10,111.03,27.23,476,0.1013043478260869,110.81,27.23,476,0.1013043478260869,109.79,111.13,110.57000000000001,0.4809365862487443,105.94,109.19,107.63142857142857,1.2568270707250278
2014-11-11,111.23,27.23,476,0.1013043478260869,111.03,27.23,476,0.1013043478260869,110.14,111.13,110.74714285714286,0.3585486617597671,105.94,109.79,108.13000000000001,1.3306890445653488
2014-11-12,111.69,27.23,476,0.1013043478260869,111.23,27.23,476,0.1013043478260869,110.14,111.23,110.77714285714285,0.39237372854170216,107.09,111.02,108.85571428571428,1.3224832342055293
2014-11-13,111.86,27.23,476,0.1013043478260869,111.69,27.23,476,0.1013043478260869,110.14,111.69,110.92571428571429,0.5141937748434878,107.9,111.02,109.36428571428573,1.2100255802067394
2014-11-14,112.05,27.23,476,0.1013043478260869,111.86,27.23,476,0.1013043478260869,110.14,111.86,111.12714285714286,0.5699331623237466,107.98,111.02,109.72857142857143,1.0716564836925704
2014-11-17,112.5,27.23,476,0.1013043478260869,112.05,27.23,476,0.1013043478260869,110.81,112.05,111.39999999999999,0.46636895264641126,109.02,111.02,110.03714285714285,0.7456476890483489
2014-11-18,112.37,27.23,476,0.1013043478260869,112.5,27.23,476,0.1013043478260869,110.81,112.5,111.59571428571428,0.6019373484184765,109.19,111.13,110.33857142857143,0.6903725702161916
2014-11-19,112.34,27.23,476,0.1013043478260869,112.37,27.23,476,0.1013043478260869,111.03,112.5,111.81857142857143,0.5490120997817449,109.79,111.13,110.57000000000001,0.4809365862487443
2014-11-20,112.58,27.23,476,0.1013043478260869,112.34,27.23,476,0.1013043478260869,111.23,112.5,112.00571428571429,0.4496983115612393,110.14,111.13,110.74714285714286,0.3585486617597671
2014-11-21,113.53,27.23,476,0.1013043478260869,112.58,27.23,476,0.1013043478260869,111.69,112.58,112.19857142857144,0.33691881174361743,110.14,111.23,110.77714285714285,0.39237372854170216
2014-11-24,115.46,27.23,476,0.1013043478260869,113.53,27.23,476,0.1013043478260869,111.86,113.53,112.46142857142857,0.5340857787285197,110.14,111.69,110.92571428571429,0.5141937748434878
2014-11-25,115.52,27.23,476,0.1013043478260869,115.46,27.23,476,0.1013043478260869,112.05,115.46,112.97571428571428,1.189521712603138,110.14,111.86,111.12714285714286,0.5699331623237466
2014-11-26,116.08,27.23,476,0.1013043478260869,115.52,27.23,476,0.1013043478260869,112.34,115.52,113.47142857142856,1.436783776021984,110.81,112.05,111.39999999999999,0.46636895264641126
2014-11-28,116.28,27.23,476,0.1013043478260869,116.08,27.23,476,0.1013043478260869,112.34,116.08,113.98285714285714,1.6540930474178774,110.81,112.5,111.59571428571428,0.6019373484184765
2014-12-01,115.18,27.23,476,0.1013043478260869,116.28,27.23,476,0.1013043478260869,112.34,116.28,114.54142857142857,1.678674363609559,111.03,112.5,111.81857142857143,0.5490120997817449
2014-12-02,115.77,27.23,476,0.1013043478260869,115.18,27.23,476,0.1013043478260869,112.58,116.28,114.94714285714285,1.3733743636931173,111.23,112.5,112.00571428571429,0.4496983115612393
2014-12-03,115.73,27.23,476,0.1013043478260869,115.77,27.23,476,0.1013043478260869,113.53,116.28,115.40285714285713,0.9070963617588459,111.69,112.58,112.19857142857144,0.33691881174361743
2014-12-04,115.99,27.23,476,0.1013043478260869,115.73,27.23,476,0.1013043478260869,115.18,116.28,115.71714285714286,0.3752649857315952,111.86,113.53,112.46142857142857,0.5340857787285197
2014-12-05,115.75,27.23,476,0.1013043478260869,115.99,27.23,476,0.1013043478260869,115.18,116.28,115.79285714285716,0.36813558577802935,112.05,115.46,112.97571428571428,1.189521712603138
2014-12-08,115.07,27.23,476,0.1013043478260869,115.75,27.23,476,0.1013043478260869,115.18,116.28,115.82571428571428,0.34951667307043793,112.34,115.52,113.47142857142856,1.436783776021984
2014-12-09,114.6,27.23,476,0.1013043478260869,115.07,27.23,476,0.1013043478260869,115.07,116.28,115.68142857142857,0.42694373443496747,112.34,116.08,113.98285714285714,1.6540930474178774
2014-12-10,112.29,27.23,476,0.1013043478260869,114.6,27.23,476,0.1013043478260869,114.6,115.99,115.44142857142857,0.5002808734833631,112.34,116.28,114.54142857142857,1.678674363609559
2014-12-11,112.5,27.23,476,0.1013043478260869,112.29,27.23,476,0.1013043478260869,112.29,115.99,115.02857142857142,1.302029551267278,112.58,116.28,114.94714285714285,1.3733743636931173
2014-12-12,111.96,27.23,476,0.1013043478260869,112.5,27.23,476,0.1013043478260869,112.29,115.99,114.56142857142856,1.5539243715101687,113.53,116.28,115.40285714285713,0.9070963617588459
2014-12-15,109.62,27.23,476,0.1013043478260869,111.96,27.23,476,0.1013043478260869,111.96,115.99,114.02285714285713,1.7252798254726125,115.18,116.28,115.71714285714286,0.3752649857315952
2014-12-16,109.33,27.23,476,0.1013043478260869,109.62,27.23,476,0.1013043478260869,109.62,115.75,113.11285714285714,2.1439194192373043,115.18,116.28,115.79285714285716,0.36813558577802935
2014-12-17,111.51,27.23,476,0.1013043478260869,109.33,27.23,476,0.1013043478260869,109.33,115.07,112.19571428571429,2.2002186038560527,115.18,116.28,115.82571428571428,0.34951667307043793
2014-12-18,113.43,27.23,476,0.1013043478260869,111.51,27.23,476,0.1013043478260869,109.33,114.6,111.68714285714286,1.8001825304256065,115.07,116.28,115.68142857142857,0.42694373443496747
2014-12-19,114.69,27.23,476,0.1013043478260869,113.43,27.23,476,0.1013043478260869,109.33,113.43,111.52,1.516641025421776,114.6,115.99,115.44142857142857,0.5002808734833631
2014-12-22,114.5,27.23,476,0.1013043478260869,114.69,27.23,476,0.1013043478260869,109.33,114.69,111.86285714285715,1.933664175302823,112.29,115.99,115.02857142857142,1.302029551267278
2014-12-23,113.7,27.23,476,0.1013043478260869,114.5,27.23,476,0.1013043478260869,109.33,114.69,112.14857142857144,2.1760624115682026,112.29,115.99,114.56142857142856,1.5539243715101687
2014-12-24,113.98,27.23,476,0.1013043478260869,113.7,27.23,476,0.1013043478260869,109.33,114.69,112.39714285714285,2.249086587079936,111.96,115.99,114.02285714285713,1.7252798254726125
2014-12-26,113.95,27.23,476,0.1013043478260869,113.98,27.23,476,0.1013043478260869,109.33,114.69,113.02,1.9333735627978683,109.62,115.75,113.11285714285714,2.1439194192373043
2014-12-29,113.75,27.23,476,0.1013043478260869,113.95,27.23,476,0.1013043478260869,111.51,114.69,113.67999999999999,1.0509678079397577,109.33,115.07,112.19571428571429,2.2002186038560527
2014-12-30,113.41,27.23,476,0.1013043478260869,113.75,27.23,476,0.1013043478260869,113.43,114.69,114.0,0.448404579212816,109.33,114.6,111.68714285714286,1.8001825304256065
2014-12-31,112.04,27.23,476,0.1013043478260869,113.41,27.23,476,0.1013043478260869,113.41,114.69,113.99714285714286,0.4526851107736663,109.33,113.43,111.52,1.516641025421776
2015-01-02,111.87,28.39,429,0.1128888888888888,112.04,27.23,476,0.1013043478260869,112.04,114.5,113.61857142857141,0.7720843773232611,109.33,114.69,111.86285714285715,1.933664175302823
2015-01-05,109.42,28.39,429,0.1128888888888888,111.87,28.39,429,0.1128888888888888,111.87,113.98,113.24285714285715,0.9008461630690211,109.33,114.69,112.14857142857144,2.1760624115682026
2015-01-06,107.9,28.39,429,0.1128888888888888,109.42,28.39,429,0.1128888888888888,109.42,113.98,112.63142857142859,1.6662075558104963,109.33,114.69,112.39714285714285,2.249086587079936
2015-01-07,108.75,28.39,429,0.1128888888888888,107.9,28.39,429,0.1128888888888888,107.9,113.95,111.76285714285714,2.307391848570481,109.33,114.69,113.02,1.9333735627978683
2015-01-08,109.31,28.39,429,0.1128888888888888,108.75,28.39,429,0.1128888888888888,107.9,113.75,111.02,2.3229004857417013,111.51,114.69,113.67999999999999,1.0509678079397577
2015-01-09,108.95,28.39,429,0.1128888888888888,109.31,28.39,429,0.1128888888888888,107.9,113.41,110.38571428571429,2.0424728243204657,113.43,114.69,114.0,0.448404579212816
2015-01-12,108.18,28.39,429,0.1128888888888888,108.95,28.39,429,0.1128888888888888,107.9,112.04,109.74857142857142,1.5865836312782349,113.41,114.69,113.99714285714286,0.4526851107736663
2015-01-13,108.37,28.39,429,0.1128888888888888,108.18,28.39,429,0.1128888888888888,107.9,111.87,109.19714285714288,1.3028649749108974,112.04,114.5,113.61857142857141,0.7720843773232611
2015-01-14,108.34,28.39,429,0.1128888888888888,108.37,28.39,429,0.1128888888888888,107.9,109.42,108.69714285714285,0.5736931318364037,111.87,113.98,113.24285714285715,0.9008461630690211
2015-01-15,107.84,28.39,429,0.1128888888888888,108.34,28.39,429,0.1128888888888888,107.9,109.31,108.54285714285713,0.48530795327943,109.42,113.98,112.63142857142859,1.6662075558104963
2015-01-16,107.59,28.39,429,0.1128888888888888,107.84,28.39,429,0.1128888888888888,107.84,109.31,108.53428571428572,0.4988940148846236,107.9,113.95,111.76285714285714,2.307391848570481
2015-01-20,108.08,28.39,429,0.1128888888888888,107.59,28.39,429,0.1128888888888888,107.59,109.31,108.36857142857143,0.5980922050208949,107.9,113.75,111.02,2.3229004857417013
2015-01-21,107.76,28.39,429,0.1128888888888888,108.08,28.39,429,0.1128888888888888,107.59,108.95,108.19285714285715,0.4334248987421288,107.9,113.41,110.38571428571429,2.0424728243204657
2015-01-22,108.52,28.39,429,0.1128888888888888,107.76,28.39,429,0.1128888888888888,107.59,108.37,108.02285714285715,0.2997062053349974,107.9,112.04,109.74857142857142,1.5865836312782349
2015-01-23,109.02,28.39,429,0.1128888888888888,108.52,28.39,429,0.1128888888888888,107.59,108.52,108.07142857142857,0.35234587983983773,107.9,111.87,109.19714285714288,1.3028649749108974
2015-01-26,110.08,28.39,429,0.1128888888888888,109.02,28.39,429,0.1128888888888888,107.59,109.02,108.16428571428571,0.49919458940148836,107.9,109.42,108.69714285714285,0.5736931318364037
2015-01-27,109.05,28.39,429,0.1128888888888888,110.08,28.39,429,0.1128888888888888,107.59,110.08,108.41285714285713,0.8852252874360697,107.9,109.31,108.54285714285713,0.48530795327943
2015-01-28,108.26,28.39,429,0.1128888888888888,109.05,28.39,429,0.1128888888888888,107.59,110.08,108.58571428571429,0.872770629329964,107.84,109.31,108.53428571428572,0.4988940148846236
2015-01-29,109.16,28.39,429,0.1128888888888888,108.26,28.39,429,0.1128888888888888,107.76,110.08,108.68142857142857,0.7768403647940778,107.59,109.31,108.36857142857143,0.5980922050208949
2015-01-30,106.9,28.39,429,0.1128888888888888,109.16,28.39,429,0.1128888888888888,107.76,110.08,108.83571428571427,0.7440398094777374,107.59,108.95,108.19285714285715,0.4334248987421288
2015-02-02,106.89,28.39,429,0.1128888888888888,106.9,28.39,429,0.1128888888888888,106.9,110.08,108.71285714285715,0.9836787125460464,107.59,108.37,108.02285714285715,0.2997062053349974
2015-02-03,107.75,28.39,429,0.1128888888888888,106.89,28.39,429,0.1128888888888888,106.89,110.08,108.48,1.2049757950511373,107.59,108.52,108.07142857142857,0.35234587983983773
2015-02-04,107.27,28.39,429,0.1128888888888888,107.75,28.39,429,0.1128888888888888,106.89,110.08,108.29857142857144,1.2057283907967922,107.59,109.02,108.16428571428571,0.49919458940148836
2015-02-05,108.14,28.39,429,0.1128888888888888,107.27,28.39,429,0.1128888888888888,106.89,109.16,107.89714285714285,0.955610002136322,107.59,110.08,108.41285714285713,0.8852252874360697
2015-02-06,107.83,28.39,429,0.1128888888888888,108.14,28.39,429,0.1128888888888888,106.89,109.16,107.76714285714286,0.8257060470791009,107.59,110.08,108.58571428571429,0.872770629329964
2015-02-09,106.75,28.39,429,0.1128888888888888,107.83,28.39,429,0.1128888888888888,106.89,109.16,107.7057142857143,0.7984747364534623,107.76,110.08,108.68142857142857,0.7768403647940778
2015-02-10,107.46,28.39,429,0.1128888888888888,106.75,28.39,429,0.1128888888888888,106.75,108.14,107.36142857142859,0.5468219872196348,107.76,110.08,108.83571428571427,0.7440398094777374
2015-02-11,108.62,28.39,429,0.1128888888888888,107.46,28.39,429,0.1128888888888888,106.75,108.14,107.44142857142856,0.5076228446134903,106.9,110.08,108.71285714285715,0.9836787125460464
2015-02-12,108.91,28.39,429,0.1128888888888888,108.62,28.39,429,0.1128888888888888,106.75,108.62,107.68857142857142,0.6060095865909549,106.89,110.08,108.48,1.2049757950511373
2015-02-13,109.36,28.39,429,0.1128888888888888,108.91,28.39,429,0.1128888888888888,106.75,108.91,107.85428571428572,0.7636940299760618,106.89,110.08,108.29857142857144,1.2057283907967922
2015-02-17,111.73,28.39,429,0.1128888888888888,109.36,28.39,429,0.1128888888888888,106.75,109.36,108.15285714285713,0.8945336640859046,106.89,109.16,107.89714285714285,0.955610002136322
2015-02-18,113.45,28.39,429,0.1128888888888888,111.73,28.39,429,0.1128888888888888,106.75,111.73,108.66571428571429,1.6204819976643772,106.89,109.16,107.76714285714286,0.8257060470791009
2015-02-19,113.35,28.39,429,0.1128888888888888,113.45,28.39,429,0.1128888888888888,106.75,113.45,109.46857142857142,2.360603232023538,106.89,109.16,107.7057142857143,0.7984747364534623
2015-02-20,117.23,28.39,429,0.1128888888888888,113.35,28.39,429,0.1128888888888888,107.46,113.45,110.41142857142857,2.41131657379115,106.75,108.14,107.36142857142859,0.5468219872196348
2015-02-23,118.61,28.39,429,0.1128888888888888,117.23,28.39,429,0.1128888888888888,108.62,117.23,111.80714285714286,3.1366793178215286,106.75,108.14,107.44142857142856,0.5076228446134903
2015-02-24,120.02,28.39,429,0.1128888888888888,118.61,28.39,429,0.1128888888888888,108.91,118.61,113.23428571428572,3.6718835182261302,106.75,108.62,107.68857142857142,0.6060095865909549
2015-02-25,118.06,28.39,429,0.1128888888888888,120.02,28.39,429,0.1128888888888888,109.36,120.02,114.82142857142857,3.886079552158746,106.75,108.91,107.85428571428572,0.7636940299760618
2015-02-26,118.28,28.39,429,0.1128888888888888,118.06,28.39,429,0.1128888888888888,111.73,120.02,116.06428571428572,3.1743233249655787,106.75,109.36,108.15285714285713,0.8945336640859046
2015-02-27,119.07,28.39,429,0.1128888888888888,118.28,28.39,429,0.1128888888888888,113.35,120.02,117.0,2.5965489917693754,106.75,111.73,108.66571428571429,1.6204819976643772
2015-03-02,120.27,28.39,429,0.1128888888888888,119.07,28.39,429,0.1128888888888888,113.35,120.02,117.80285714285715,2.1456445363065897,106.75,113.45,109.46857142857142,2.360603232023538
2015-03-03,119.78,28.39,429,0.1128888888888888,120.27,28.39,429,0.1128888888888888,117.23,120.27,118.79142857142857,1.0832578728259477,107.46,113.45,110.41142857142857,2.41131657379115
2015-03-04,118.57,28.39,429,0.1128888888888888,119.78,28.39,429,0.1128888888888888,118.06,120.27,119.15571428571427,0.8804327940017148,108.62,117.23,111.80714285714286,3.1366793178215286
2015-03-05,119.34,28.39,429,0.1128888888888888,118.57,28.39,429,0.1128888888888888,118.06,120.27,119.15,0.8846845011971382,108.91,118.61,113.23428571428572,3.6718835182261302
2015-03-06,118.06,28.39,429,0.1128888888888888,119.34,28.39,429,0.1128888888888888,118.06,120.27,119.05285714285712,0.8071702481605588,109.36,120.02,114.82142857142857,3.886079552158746
2015-03-09,118.24,28.39,429,0.1128888888888888,118.06,28.39,429,0.1128888888888888,118.06,120.27,119.05285714285715,0.8071702481605588,111.73,120.02,116.06428571428572,3.1743233249655787
2015-03-10,117.3,28.39,429,0.1128888888888888,118.24,28.39,429,0.1128888888888888,118.06,120.27,119.04714285714286,0.8136689393413716,113.35,120.02,117.0,2.5965489917693754
2015-03-11,116.8,28.39,429,0.1128888888888888,117.3,28.39,429,0.1128888888888888,117.3,120.27,118.7942857142857,1.0469615902316347,113.35,120.02,117.80285714285715,2.1456445363065897
2015-03-12,117.41,28.39,429,0.1128888888888888,116.8,28.39,429,0.1128888888888888,116.8,119.78,118.29857142857142,1.0532557234781257,117.23,120.27,118.79142857142857,1.0832578728259477
2015-03-13,116.38,28.39,429,0.1128888888888888,117.41,28.39,429,0.1128888888888888,116.8,119.34,117.96000000000001,0.8610652317479559,118.06,120.27,119.15571428571427,0.8804327940017148
2015-03-16,117.49,28.39,429,0.1128888888888888,116.38,28.39,429,0.1128888888888888,116.38,119.34,117.64714285714285,0.9906010681310238,118.06,120.27,119.15,0.8846845011971382
2015-03-17,117.29,28.39,429,0.1128888888888888,117.49,28.39,429,0.1128888888888888,116.38,118.24,117.38285714285715,0.6529092403866994,118.06,120.27,119.05285714285712,0.8071702481605588
2015-03-18,117.19,28.39,429,0.1128888888888888,117.29,28.39,429,0.1128888888888888,116.38,118.24,117.27285714285713,0.5806810451378118,118.06,120.27,119.05285714285715,0.8071702481605588
2015-03-19,117.32,28.39,429,0.1128888888888888,117.19,28.39,429,0.1128888888888888,116.38,117.49,117.12285714285713,0.3952094080134612,118.06,120.27,119.04714285714286,0.8136689393413716
2015-03-20,117.39,28.39,429,0.1128888888888888,117.32,28.39,429,0.1128888888888888,116.38,117.49,117.12571428571428,0.39677269490281886,117.3,120.27,118.7942857142857,1.0469615902316347
2015-03-23,117.12,28.39,429,0.1128888888888888,117.39,28.39,429,0.1128888888888888,116.38,117.49,117.21,0.37828560637680614,116.8,119.78,118.29857142857142,1.0532557234781257
2015-03-24,118.4,28.39,429,0.1128888888888888,117.12,28.39,429,0.1128888888888888,116.38,117.49,117.16857142857143,0.3684846704719531,116.8,119.34,117.96000000000001,0.8610652317479559
2015-03-25,117.57,28.39,429,0.1128888888888888,118.4,28.39,429,0.1128888888888888,117.12,118.4,117.45714285714284,0.43327105778675845,116.38,119.34,117.64714285714285,0.9906010681310238
2015-03-26,116.61,28.39,429,0.1128888888888888,117.57,28.39,429,0.1128888888888888,117.12,118.4,117.46857142857142,0.4353323853173936,116.38,118.24,117.38285714285715,0.6529092403866994
2015-03-27,117.3,28.39,429,0.1128888888888888,116.61,28.39,429,0.1128888888888888,116.61,118.4,117.37142857142858,0.5441025813571133,116.38,118.24,117.27285714285713,0.5806810451378118
2015-03-30,118.43,28.39,429,0.1128888888888888,117.3,28.39,429,0.1128888888888888,116.61,118.4,117.38714285714286,0.5395589027304276,116.38,117.49,117.12285714285713,0.3952094080134612
2015-03-31,118.23,28.39,429,0.1128888888888888,118.43,28.39,429,0.1128888888888888,116.61,118.43,117.5457142857143,0.665052808494997,116.38,117.49,117.12571428571428,0.39677269490281886
2015-04-01,117.03,32.62,452,0.1256043956043956,118.23,28.39,429,0.1128888888888888,116.61,118.43,117.6657142857143,0.7067497704895813,116.38,117.49,117.21,0.37828560637680614
2015-04-02,118.15,32.62,452,0.1256043956043956,117.03,32.62,452,0.1256043956043956,116.61,118.43,117.65285714285714,0.7190436770569983,116.38,117.49,117.16857142857143,0.3684846704719531
2015-04-06,119.1,32.62,452,0.1256043956043956,118.15,32.62,452,0.1256043956043956,116.61,118.43,117.61714285714287,0.6809482184295058,117.12,118.4,117.45714285714284,0.43327105778675845
2015-04-07,118.34,32.62,452,0.1256043956043956,119.1,32.62,452,0.1256043956043956,116.61,119.1,117.83571428571429,0.8798078794564943,117.12,118.4,117.46857142857142,0.4353323853173936
2015-04-08,118.39,32.62,452,0.1256043956043956,118.34,32.62,452,0.1256043956043956,117.03,119.1,118.08285714285714,0.7034134461199149,116.61,118.4,117.37142857142858,0.5441025813571133
2015-04-09,118.86,32.62,452,0.1256043956043956,118.39,32.62,452,0.1256043956043956,117.03,119.1,118.23857142857143,0.6165070578450503,116.61,118.4,117.38714285714286,0.5395589027304276
2015-04-10,118.55,32.62,452,0.1256043956043956,118.86,32.62,452,0.1256043956043956,117.03,119.1,118.29999999999998,0.6587361636688357,116.61,118.43,117.5457142857143,0.665052808494997
2015-04-13,118.36,32.62,452,0.1256043956043956,118.55,32.62,452,0.1256043956043956,117.03,119.1,118.34571428571428,0.6641500117345748,116.61,118.43,117.6657142857143,0.7067497704895813
2015-04-14,117.19,32.62,452,0.1256043956043956,118.36,32.62,452,0.1256043956043956,118.15,119.1,118.53571428571429,0.3324082401009645,116.61,118.43,117.65285714285714,0.7190436770569983
2015-04-15,116.93,32.62,452,0.1256043956043956,117.19,32.62,452,0.1256043956043956,117.19,119.1,118.39857142857143,0.6046329071203004,116.61,118.43,117.61714285714287,0.6809482184295058
2015-04-16,117.42,32.62,452,0.1256043956043956,116.93,32.62,452,0.1256043956043956,116.93,118.86,118.08857142857143,0.7286386523552649,116.61,119.1,117.83571428571429,0.8798078794564943
2015-04-17,117.58,32.62,452,0.1256043956043956,117.42,32.62,452,0.1256043956043956,116.93,118.86,117.95714285714284,0.7581054079187324,117.03,119.1,118.08285714285714,0.7034134461199149
2015-04-20,118.91,32.62,452,0.1256043956043956,117.58,32.62,452,0.1256043956043956,116.93,118.86,117.84142857142857,0.7426849617252108,117.03,119.1,118.23857142857143,0.6165070578450503
2015-04-21,120.12,32.62,452,0.1256043956043956,118.91,32.62,452,0.1256043956043956,116.93,118.91,117.84857142857142,0.7542640689480777,117.03,119.1,118.29999999999998,0.6587361636688357
2015-04-22,120.38,32.62,452,0.1256043956043956,120.12,32.62,452,0.1256043956043956,116.93,120.12,118.07285714285715,1.1349554218186855,117.03,119.1,118.34571428571428,0.6641500117345748
2015-04-23,121.17,32.62,452,0.1256043956043956,120.38,32.62,452,0.1256043956043956,116.93,120.38,118.36142857142856,1.4367953759574668,118.15,119.1,118.53571428571429,0.3324082401009645
2015-04-24,122.3,32.62,452,0.1256043956043956,121.17,32.62,452,0.1256043956043956,116.93,121.17,118.92999999999999,1.6652927670508215,117.19,119.1,118.39857142857143,0.6046329071203004
2015-04-27,120.63,32.62,452,0.1256043956043956,122.3,32.62,452,0.1256043956043956,117.42,122.3,119.69714285714285,1.820098113522703,116.93,118.86,118.08857142857143,0.7286386523552649
2015-04-28,120.65,32.62,452,0.1256043956043956,120.63,32.62,452,0.1256043956043956,117.58,122.3,120.1557142857143,1.5323930864567095,116.93,118.86,117.95714285714284,0.7581054079187324
2015-04-29,119.31,32.62,452,0.1256043956043956,120.65,32.62,452,0.1256043956043956,118.91,122.3,120.5942857142857,1.0289939608279097,116.93,118.86,117.84142857142857,0.7426849617252108
2015-04-30,120.32,32.62,452,0.1256043956043956,119.31,32.62,452,0.1256043956043956,119.31,122.3,120.65142857142857,0.9258046693045022,116.93,118.91,117.84857142857142,0.7542640689480777
2015-05-01,119.98,32.62,452,0.1256043956043956,120.32,32.62,452,0.1256043956043956,119.31,122.3,120.67999999999999,0.9096153032968028,116.93,120.12,118.07285714285715,1.1349554218186855
2015-05-04,121.93,32.62,452,0.1256043956043956,119.98,32.62,452,0.1256043956043956,119.31,122.3,120.62285714285714,0.9435343888003628,116.93,120.38,118.36142857142856,1.4367953759574668
2015-05-05,120.4,32.62,452,0.1256043956043956,121.93,32.62,452,0.1256043956043956,119.31,122.3,120.73142857142857,1.0542205425681515,116.93,121.17,118.92999999999999,1.6652927670508215
2015-05-06,120.08,32.62,452,0.1256043956043956,120.4,32.62,452,0.1256043956043956,119.31,121.93,120.46000000000001,0.7960318251542469,117.42,122.3,119.69714285714285,1.820098113522703
2015-05-07,120.15,32.62,452,0.1256043956043956,120.08,32.62,452,0.1256043956043956,119.31,121.93,120.38142857142857,0.8035634920191553,117.58,122.3,120.1557142857143,1.5323930864567095
2015-05-08,121.62,32.62,452,0.1256043956043956,120.15,32.62,452,0.1256043956043956,119.31,121.93,120.31000000000002,0.7979139469005392,118.91,122.3,120.5942857142857,1.0289939608279097
2015-05-11,122.59,32.62,452,0.1256043956043956,121.62,32.62,452,0.1256043956043956,119.98,121.93,120.64,0.7930741873610587,119.31,122.3,120.65142857142857,0.9258046693045022
2015-05-12,123.76,32.62,452,0.1256043956043956,122.59,32.62,452,0.1256043956043956,119.98,122.59,120.96428571428571,1.0596989689311047,119.31,122.3,120.67999999999999,0.9096153032968028
2015-05-13,124.21,32.62,452,0.1256043956043956,123.76,32.62,452,0.1256043956043956,120.08,123.76,121.50428571428571,1.3870695385429148,119.31,122.3,120.62285714285714,0.9435343888003628
2015-05-14,126.84,32.62,452,0.1256043956043956,124.21,32.62,452,0.1256043956043956,120.08,124.21,121.83000000000001,1.729200200475664,119.31,122.3,120.73142857142857,1.0542205425681515
2015-05-15,125.95,32.62,452,0.1256043956043956,126.84,32.62,452,0.1256043956043956,120.08,126.84,122.75,2.417684842983418,119.31,121.93,120.46000000000001,0.7960318251542469
2015-05-18,126.21,32.62,452,0.1256043956043956,125.95,32.62,452,0.1256043956043956,120.15,126.84,123.58857142857143,2.354424406453953,119.31,121.93,120.38142857142857,0.8035634920191553
2015-05-19,125.59,32.62,452,0.1256043956043956,126.21,32.62,452,0.1256043956043956,121.62,126.84,124.45428571428572,1.9605174244113075,119.31,121.93,120.31000000000002,0.7979139469005392
2015-05-20,125.26,32.62,452,0.1256043956043956,125.59,32.62,452,0.1256043956043956,122.59,126.84,125.02142857142857,1.5311697986744484,119.98,121.93,120.64,0.7930741873610587
2015-05-21,126.48,32.62,452,0.1256043956043956,125.26,32.62,452,0.1256043956043956,123.76,126.84,125.40285714285714,1.0949537933244597,119.98,122.59,120.96428571428571,1.0596989689311047
2015-05-22,127.29,32.62,452,0.1256043956043956,126.48,32.62,452,0.1256043956043956,124.21,126.84,125.79142857142858,0.8753937889350814,120.08,123.76,121.50428571428571,1.3870695385429148
2015-05-26,125.05,32.62,452,0.1256043956043956,127.29,32.62,452,0.1256043956043956,125.26,127.29,126.23142857142857,0.7056304172200455,120.08,124.21,121.83000000000001,1.729200200475664
2015-05-27,126.57,32.62,452,0.1256043956043956,125.05,32.62,452,0.1256043956043956,125.05,127.29,125.97571428571428,0.7697587748252127,120.08,126.84,122.75,2.417684842983418
2015-05-28,126.37,32.62,452,0.1256043956043956,126.57,32.62,452,0.1256043956043956,125.05,127.29,126.06428571428572,0.801329252817101,120.15,126.84,123.58857142857143,2.354424406453953
2015-05-29,126.31,32.62,452,0.1256043956043956,126.37,32.62,452,0.1256043956043956,125.05,127.29,126.08714285714287,0.8084288112437519,121.62,126.84,124.45428571428572,1.9605174244113075
2015-06-01,126.95,32.62,452,0.1256043956043956,126.31,32.62,452,0.1256043956043956,125.05,127.29,126.18999999999998,0.7799358947963902,122.59,126.84,125.02142857142857,1.5311697986744484
2015-06-02,126.59,32.62,452,0.1256043956043956,126.95,32.62,452,0.1256043956043956,125.05,127.29,126.43142857142857,0.7017223708177917,123.76,126.84,125.40285714285714,1.0949537933244597
2015-06-03,126.66,32.62,452,0.1256043956043956,126.59,32.62,452,0.1256043956043956,125.05,127.29,126.44714285714285,0.7042185807799071,124.21,126.84,125.79142857142858,0.8753937889350814
2015-06-04,127.11,32.62,452,0.1256043956043956,126.66,32.62,452,0.1256043956043956,125.05,126.95,126.35714285714286,0.6128815623884136,125.26,127.29,126.23142857142857,0.7056304172200455
2015-06-05,128.73,32.62,452,0.1256043956043956,127.11,32.62,452,0.1256043956043956,126.31,127.11,126.65142857142858,0.29031181920963983,125.05,127.29,125.97571428571428,0.7697587748252127
2015-06-08,128.25,32.62,452,0.1256043956043956,128.73,32.62,452,0.1256043956043956,126.31,128.73,126.96000000000001,0.8319655441534359,125.05,127.29,126.06428571428572,0.801329252817101
2015-06-09,128.63,32.62,452,0.1256043956043956,128.25,32.62,452,0.1256043956043956,126.31,128.73,127.22857142857143,0.9095865099260667,125.05,127.29,126.08714285714287,0.8084288112437519
2015-06-10,129.22,32.62,452,0.1256043956043956,128.63,32.62,452,0.1256043956043956,126.59,128.73,127.55999999999999,0.9412226091588931,125.05,127.29,126.18999999999998,0.7799358947963902
2015-06-11,129.25,32.62,452,0.1256043956043956,129.22,32.62,452,0.1256043956043956,126.59,129.22,127.88428571428572,1.0772473739832424,125.05,127.29,126.43142857142857,0.7017223708177917
2015-06-12,128.45,32.62,452,0.1256043956043956,129.25,32.62,452,0.1256043956043956,126.66,129.25,128.2642857142857,1.0117617826118053,125.05,127.29,126.44714285714285,0.7042185807799071
2015-06-15,128.52,32.62,452,0.1256043956043956,128.45,32.62,452,0.1256043956043956,127.11,129.25,128.52,0.7239935542935428,125.05,126.95,126.35714285714286,0.6128815623884136
2015-06-16,129.09,32.62,452,0.1256043956043956,128.52,32.62,452,0.1256043956043956,128.25,129.25,128.72142857142856,0.38141965388911453,126.31,127.11,126.65142857142858,0.29031181920963983
2015-06-17,129.94,32.62,452,0.1256043956043956,129.09,32.62,452,0.1256043956043956,128.25,129.25,128.77285714285713,0.4062312266625416,126.31,128.73,126.96000000000001,0.8319655441534359
2015-06-18,130.75,32.62,452,0.1256043956043956,129.94,32.62,452,0.1256043956043956,128.45,129.94,129.0142857142857,0.5277264803733104,126.31,128.73,127.22857142857143,0.9095865099260667
2015-06-19,131.87,32.62,452,0.1256043956043956,130.75,32.62,452,0.1256043956043956,128.45,130.75,129.31714285714287,0.8055994514536785,126.59,128.73,127.55999999999999,0.9412226091588931
2015-06-22,133.11,32.62,452,0.1256043956043956,131.87,32.62,452,0.1256043956043956,128.45,131.87,129.69571428571427,1.2515571253791289,126.59,129.22,127.88428571428572,1.0772473739832424
2015-06-23,133.42,32.62,452,0.1256043956043956,133.11,32.62,452,0.1256043956043956,128.45,133.11,130.24714285714285,1.7667551639986523,126.66,129.25,128.2642857142857,1.0117617826118053
2015-06-24,132.37,32.62,452,0.1256043956043956,133.42,32.62,452,0.1256043956043956,128.52,133.42,130.95714285714286,1.9164699692009988,127.11,129.25,128.52,0.7239935542935428
2015-06-25,132.04,32.62,452,0.1256043956043956,132.37,32.62,452,0.1256043956043956,129.09,133.42,131.50714285714287,1.6317752529630631,128.25,129.25,128.72142857142856,0.38141965388911453
2015-06-26,134.18,32.62,452,0.1256043956043956,132.04,32.62,452,0.1256043956043956,129.94,133.42,131.92857142857142,1.236546650571608,128.25,129.25,128.77285714285713,0.4062312266625416
2015-06-29,132.56,32.62,452,0.1256043956043956,134.18,32.62,452,0.1256043956043956,130.75,134.18,132.53428571428572,1.1343552815384594,128.45,129.94,129.0142857142857,0.5277264803733104
2015-06-30,132.9,32.62,452,0.1256043956043956,132.56,32.62,452,0.1256043956043956,131.87,134.18,132.79285714285714,0.8235636847563449,128.45,130.75,129.31714285714287,0.8055994514536785
2015-07-01,133.72,29.48,444,0.1347826086956521,132.9,32.62,452,0.1256043956043956,132.04,134.18,132.94,0.7162169131338518,128.45,131.87,129.69571428571427,1.2515571253791289
2015-07-02,133.3,29.48,444,0.1347826086956521,133.72,29.48,444,0.1347826086956521,132.04,134.18,133.02714285714288,0.7750422415473874,128.45,133.11,130.24714285714285,1.7667551639986523
2015-07-06,134.98,29.48,444,0.1347826086956521,133.3,29.48,444,0.1347826086956521,132.04,134.18,133.01,0.7661810055891867,128.52,133.42,130.95714285714286,1.9164699692009988
2015-07-07,134.32,29.48,444,0.1347826086956521,134.98,29.48,444,0.1347826086956521,132.04,134.98,133.38285714285715,1.0016938036060892,129.09,133.42,131.50714285714287,1.6317752529630631
2015-07-08,132.41,29.48,444,0.1347826086956521,134.32,29.48,444,0.1347826086956521,132.56,134.98,133.70857142857145,0.8517321286883665,129.94,133.42,131.92857142857142,1.236546650571608
2015-07-09,131.96,29.48,444,0.1347826086956521,132.41,29.48,444,0.1347826086956521,132.41,134.98,133.45571428571427,0.9459714080003989,130.75,134.18,132.53428571428572,1.1343552815384594
2015-07-10,133.39,29.48,444,0.1347826086956521,131.96,29.48,444,0.1347826086956521,131.96,134.98,133.37,1.0608644274013836,131.87,134.18,132.79285714285714,0.8235636847563449
2015-07-13,135.56,29.48,444,0.1347826086956521,133.39,29.48,444,0.1347826086956521,131.96,134.98,133.44,1.040656843853445,132.04,134.18,132.94,0.7162169131338518
2015-07-14,135.27,29.48,444,0.1347826086956521,135.56,29.48,444,0.1347826086956521,131.96,135.56,133.70285714285714,1.3184677253727315,132.04,134.18,133.02714285714288,0.7750422415473874
2015-07-15,134.33,29.48,444,0.1347826086956521,135.27,29.48,444,0.1347826086956521,131.96,135.56,133.9842857142857,1.4241588996390253,132.04,134.18,133.01,0.7661810055891867
2015-07-16,133.92,29.48,444,0.1347826086956521,134.33,29.48,444,0.1347826086956521,131.96,135.56,133.89142857142858,1.3685202296787844,132.04,134.98,133.38285714285715,1.0016938036060892
2015-07-17,134.27,29.48,444,0.1347826086956521,133.92,29.48,444,0.1347826086956521,131.96,135.56,133.8342857142857,1.3559358040682992,132.56,134.98,133.70857142857145,0.8517321286883665
2015-07-20,134.77,29.48,444,0.1347826086956521,134.27,29.48,444,0.1347826086956521,131.96,135.56,134.1,1.2040487254782657,132.41,134.98,133.45571428571427,0.9459714080003989
2015-07-21,135.33,29.48,444,0.1347826086956521,134.77,29.48,444,0.1347826086956521,133.39,135.56,134.50142857142856,0.7571531895023267,131.96,134.98,133.37,1.0608644274013836
2015-07-22,136.06,29.48,444,0.1347826086956521,135.33,29.48,444,0.1347826086956521,133.92,135.56,134.77857142857144,0.6262701379651909,131.96,134.98,133.44,1.040656843853445
2015-07-23,135.91,29.48,444,0.1347826086956521,136.06,29.48,444,0.1347826086956521,133.92,136.06,134.85,0.7471055257855764,131.96,135.56,133.70285714285714,1.3184677253727315
2015-07-24,135.37,29.48,444,0.1347826086956521,135.91,29.48,444,0.1347826086956521,133.92,136.06,134.9414285714286,0.840405231048482,131.96,135.56,133.9842857142857,1.4241588996390253
2015-07-27,134.95,29.48,444,0.1347826086956521,135.37,29.48,444,0.1347826086956521,133.92,136.06,135.09,0.8055019139183232,131.96,135.56,133.89142857142858,1.3685202296787844
2015-07-28,136.17,29.48,444,0.1347826086956521,134.95,29.48,444,0.1347826086956521,134.27,136.06,135.23714285714286,0.6314194138472994,131.96,135.56,133.8342857142857,1.3559358040682992
2015-07-29,137.62,29.48,444,0.1347826086956521,136.17,29.48,444,0.1347826086956521,134.77,136.17,135.50857142857143,0.5494369412169303,131.96,135.56,134.1,1.2040487254782657
2015-07-30,130.89,29.48,444,0.1347826086956521,137.62,29.48,444,0.1347826086956521,134.95,137.62,135.91571428571427,0.8721211143460552,133.39,135.56,134.50142857142856,0.7571531895023267
2015-07-31,131.47,29.48,444,0.1347826086956521,130.89,29.48,444,0.1347826086956521,130.89,137.62,135.28142857142856,2.108004020957686,133.92,135.56,134.77857142857144,0.6262701379651909
2015-08-03,130.72,29.48,444,0.1347826086956521,131.47,29.48,444,0.1347826086956521,130.89,137.62,134.62571428571428,2.502437858986288,133.92,136.06,134.85,0.7471055257855764
2015-08-04,130.54,29.48,444,0.1347826086956521,130.72,29.48,444,0.1347826086956521,130.72,137.62,133.8842857142857,2.80862871132652,133.92,136.06,134.9414285714286,0.840405231048482
2015-08-05,131.45,29.48,444,0.1347826086956521,130.54,29.48,444,0.1347826086956521,130.54,137.62,133.1942857142857,2.971379349407863,133.92,136.06,135.09,0.8055019139183232
2015-08-06,131.22,29.48,444,0.1347826086956521,131.45,29.48,444,0.1347826086956521,130.54,137.62,132.6942857142857,2.9207468059991157,134.27,136.06,135.23714285714286,0.6314194138472994
2015-08-07,131.71,29.48,444,0.1347826086956521,131.22,29.48,444,0.1347826086956521,130.54,137.62,131.98714285714286,2.509221089538033,134.77,136.17,135.50857142857143,0.5494369412169303
2015-08-10,131.89,29.48,444,0.1347826086956521,131.71,29.48,444,0.1347826086956521,130.54,131.71,131.14285714285714,0.43496031564064147,134.95,137.62,135.91571428571427,0.8721211143460552
2015-08-11,130.04,29.48,444,0.1347826086956521,131.89,29.48,444,0.1347826086956521,130.54,131.89,131.28571428571428,0.49775687313554084,130.89,137.62,135.28142857142856,2.108004020957686
2015-08-12,129.87,29.48,444,0.1347826086956521,130.04,29.48,444,0.1347826086956521,130.04,131.89,131.08142857142857,0.6723448661507915,130.89,137.62,134.62571428571428,2.502437858986288
2015-08-13,130.0,29.48,444,0.1347826086956521,129.87,29.48,444,0.1347826086956521,129.87,131.89,130.95999999999998,0.8109665015636179,130.72,137.62,133.8842857142857,2.80862871132652
2015-08-14,131.64,29.48,444,0.1347826086956521,130.0,29.48,444,0.1347826086956521,129.87,131.89,130.88285714285715,0.8802975687319923,130.54,137.62,133.1942857142857,2.971379349407863
2015-08-17,132.84,29.48,444,0.1347826086956521,131.64,29.48,444,0.1347826086956521,129.87,131.89,130.91,0.9033271832462776,130.54,137.62,132.6942857142857,2.9207468059991157
2015-08-18,132.99,29.48,444,0.1347826086956521,132.84,29.48,444,0.1347826086956521,129.87,132.84,131.14142857142858,1.1654674108296637,130.54,137.62,131.98714285714286,2.509221089538033
2015-08-19,132.43,29.48,444,0.1347826086956521,132.99,29.48,444,0.1347826086956521,129.87,132.99,131.3242857142857,1.3546076571294263,130.54,131.71,131.14285714285714,0.43496031564064147
2015-08-20,129.18,29.48,444,0.1347826086956521,132.43,29.48,444,0.1347826086956521,129.87,132.99,131.40142857142857,1.4065730052291687,130.54,131.89,131.28571428571428,0.49775687313554084
2015-08-21,125.76,29.48,444,0.1347826086956521,129.18,29.48,444,0.1347826086956521,129.18,132.99,131.27857142857144,1.5730165136999354,130.04,131.89,131.08142857142857,0.6723448661507915
2015-08-24,123.28,29.48,444,0.1347826086956521,125.76,29.48,444,0.1347826086956521,125.76,132.99,130.6914285714286,2.6109923309677714,129.87,131.89,130.95999999999998,0.8109665015636179
2015-08-25,123.56,29.48,444,0.1347826086956521,123.28,29.48,444,0.1347826086956521,123.28,132.99,129.73142857142858,3.8493221419325594,129.87,131.89,130.88285714285715,0.8802975687319923
2015-08-26,125.73,29.48,444,0.1347826086956521,123.56,29.48,444,0.1347826086956521,123.28,132.99,128.57714285714286,4.359299310231119,129.87,131.89,130.91,0.9033271832462776
2015-08-27,130.93,29.48,444,0.1347826086956521,125.73,29.48,444,0.1347826086956521,123.28,132.99,127.56142857142858,4.01525187491873,129.87,132.84,131.14142857142858,1.1654674108296637
2015-08-28,130.32,29.48,444,0.1347826086956521,130.93,29.48,444,0.1347826086956521,123.28,132.43,127.26714285714286,3.6056701378312197,129.87,132.99,131.3242857142857,1.3546076571294263
2015-08-31,128.67,29.48,444,0.1347826086956521,130.32,29.48,444,0.1347826086956521,123.28,130.93,126.9657142857143,3.1631727592328027,129.87,132.99,131.40142857142857,1.4065730052291687
2015-09-01,124.48,29.48,444,0.1347826086956521,128.67,29.48,444,0.1347826086956521,123.28,130.93,126.89285714285714,3.10908193462009,129.18,132.99,131.27857142857144,1.5730165136999354
2015-09-02,126.0,29.48,444,0.1347826086956521,124.48,29.48,444,0.1347826086956521,123.28,130.93,126.71000000000001,3.2223904170647084,125.76,132.99,130.6914285714286,2.6109923309677714
2015-09-03,127.07,29.48,444,0.1347826086956521,126.0,29.48,444,0.1347826086956521,123.56,130.93,127.09857142857143,2.8863207754922544,123.28,132.99,129.73142857142858,3.8493221419325594
2015-09-04,126.82,29.48,444,0.1347826086956521,127.07,29.48,444,0.1347826086956521,124.48,130.93,127.6,2.4394124975747924,123.28,132.99,128.57714285714286,4.359299310231119
2015-09-08,130.04,29.48,444,0.1347826086956521,126.82,29.48,444,0.1347826086956521,124.48,130.93,127.75571428571428,2.332601245695324,123.28,132.99,127.56142857142858,4.01525187491873
2015-09-09,130.61,29.48,444,0.1347826086956521,130.04,29.48,444,0.1347826086956521,124.48,130.32,127.62857142857142,2.1476687250066533,123.28,132.43,127.26714285714286,3.6056701378312197
2015-09-10,132.26,29.48,444,0.1347826086956521,130.61,29.48,444,0.1347826086956521,124.48,130.61,127.66999999999999,2.2101282014076586,123.28,130.93,126.9657142857143,3.1631727592328027
2015-09-11,135.4,29.48,444,0.1347826086956521,132.26,29.48,444,0.1347826086956521,124.48,132.26,128.18285714285713,2.8146918972032107,123.28,130.93,126.89285714285714,3.10908193462009
2015-09-14,134.07,29.48,444,0.1347826086956521,135.4,29.48,444,0.1347826086956521,126.0,135.4,129.74285714285713,3.3881101629347743,123.28,130.93,126.71000000000001,3.2223904170647084
2015-09-15,135.4,29.48,444,0.1347826086956521,134.07,29.48,444,0.1347826086956521,126.82,135.4,130.8957142857143,3.273310542058855,123.56,130.93,127.09857142857143,2.8863207754922544
2015-09-16,135.83,29.48,444,0.1347826086956521,135.4,29.48,444,0.1347826086956521,126.82,135.4,132.0857142857143,3.1629936091336934,124.48,130.93,127.6,2.4394124975747924
2015-09-17,135.76,29.48,444,0.1347826086956521,135.83,29.48,444,0.1347826086956521,130.04,135.83,133.37285714285716,2.4056164441121615,124.48,130.93,127.75571428571428,2.332601245695324
2015-09-18,134.47,29.48,444,0.1347826086956521,135.76,29.48,444,0.1347826086956521,130.61,135.83,134.19,2.026425424236631,124.48,130.32,127.62857142857142,2.1476687250066533
2015-09-21,132.92,29.48,444,0.1347826086956521,134.47,29.48,444,0.1347826086956521,132.26,135.83,134.74142857142857,1.276184790318564,124.48,130.61,127.66999999999999,2.2101282014076586
2015-09-22,131.1,29.48,444,0.1347826086956521,132.92,29.48,444,0.1347826086956521,132.92,135.83,134.8357142857143,1.0700289270644772,124.48,132.26,128.18285714285713,2.8146918972032107
2015-09-23,130.76,29.48,444,0.1347826086956521,131.1,29.48,444,0.1347826086956521,131.1,135.83,134.22142857142856,1.725566849581204,126.0,135.4,129.74285714285713,3.3881101629347743
2015-09-24,128.72,29.48,444,0.1347826086956521,130.76,29.48,444,0.1347826086956521,130.76,135.83,133.74857142857144,2.1702106546846536,126.82,135.4,130.8957142857143,3.273310542058855
2015-09-25,127.83,29.48,444,0.1347826086956521,128.72,29.48,444,0.1347826086956521,128.72,135.83,132.7942857142857,2.7216285390835635,126.82,135.4,132.0857142857143,3.1629936091336934
2015-09-28,122.89,29.48,444,0.1347826086956521,127.83,29.48,444,0.1347826086956521,127.83,135.76,131.65142857142857,2.9077277988788497,130.04,135.83,133.37285714285716,2.4056164441121615
2015-09-29,121.73,29.48,444,0.1347826086956521,122.89,29.48,444,0.1347826086956521,122.89,134.47,129.81285714285713,3.8067734118955885,130.61,135.83,134.19,2.026425424236631
2015-09-30,122.19,29.48,444,0.1347826086956521,121.73,29.48,444,0.1347826086956521,121.73,132.92,127.99285714285715,4.2309562129832194,132.26,135.83,134.74142857142857,1.276184790318564
2015-10-01,122.46,25.0,485,0.1610869565217391,122.19,29.48,444,0.1347826086956521,121.73,131.1,126.46,4.089718816739168,132.92,135.83,134.8357142857143,1.0700289270644772
2015-10-02,125.3,25.0,485,0.1610869565217391,122.46,25.0,485,0.1610869565217391,121.73,130.76,125.22571428571428,3.745240789511224,131.1,135.83,134.22142857142856,1.725566849581204
2015-10-05,126.09,25.0,485,0.1610869565217391,125.3,25.0,485,0.1610869565217391,121.73,128.72,124.44571428571427,2.8658730905988223,130.76,135.83,133.74857142857144,2.1702106546846536
2015-10-06,121.24,25.0,485,0.1610869565217391,126.09,25.0,485,0.1610869565217391,121.73,127.83,124.07000000000001,2.3354300103670638,128.72,135.83,132.7942857142857,2.7216285390835635
2015-10-07,122.89,25.0,485,0.1610869565217391,121.24,25.0,485,0.1610869565217391,121.24,126.09,123.12857142857142,1.8435783011226987,127.83,135.76,131.65142857142857,2.9077277988788497
2015-10-08,123.11,25.0,485,0.1610869565217391,122.89,25.0,485,0.1610869565217391,121.24,126.09,123.12857142857142,1.8435783011226987,122.89,134.47,129.81285714285713,3.8067734118955885
2015-10-09,123.74,25.0,485,0.1610869565217391,123.11,25.0,485,0.1610869565217391,121.24,126.09,123.32571428571428,1.739969895740958,121.73,132.92,127.99285714285715,4.2309562129832194
2015-10-12,124.55,25.0,485,0.1610869565217391,123.74,25.0,485,0.1610869565217391,121.24,126.09,123.54714285714286,1.6685094574240324,121.73,131.1,126.46,4.089718816739168
2015-10-13,123.38,25.0,485,0.1610869565217391,124.55,25.0,485,0.1610869565217391,121.24,126.09,123.84571428571428,1.6280546381346144,121.73,130.76,125.22571428571428,3.745240789511224
2015-10-14,122.88,25.0,485,0.1610869565217391,123.38,25.0,485,0.1610869565217391,121.24,126.09,123.57142857142857,1.498815405257515,121.73,128.72,124.44571428571427,2.8658730905988223
2015-10-15,122.84,25.0,485,0.1610869565217391,122.88,25.0,485,0.1610869565217391,121.24,124.55,123.11285714285714,1.0117264828894894,121.73,127.83,124.07000000000001,2.3354300103670638
2015-10-16,124.68,25.0,485,0.1610869565217391,122.84,25.0,485,0.1610869565217391,122.84,124.55,123.34142857142857,0.6248580791164989,121.24,126.09,123.12857142857142,1.8435783011226987
2015-10-19,125.77,25.0,485,0.1610869565217391,124.68,25.0,485,0.1610869565217391,122.84,124.68,123.59714285714287,0.7608047118107605,121.24,126.09,123.12857142857142,1.8435783011226987
2015-10-20,124.78,25.0,485,0.1610869565217391,125.77,25.0,485,0.1610869565217391,122.84,125.77,123.97714285714287,1.0759602577141378,121.24,126.09,123.32571428571428,1.739969895740958
2015-10-21,125.48,25.0,485,0.1610869565217391,124.78,25.0,485,0.1610869565217391,122.84,125.77,124.12571428571428,1.1090515038018278,121.24,126.09,123.54714285714286,1.6685094574240324
2015-10-22,122.69,25.0,485,0.1610869565217391,125.48,25.0,485,0.1610869565217391,122.84,125.77,124.25857142857144,1.2186389754028326,121.24,126.09,123.84571428571428,1.6280546381346144
2015-10-23,124.12,25.0,485,0.1610869565217391,122.69,25.0,485,0.1610869565217391,122.69,125.77,124.16,1.3248270327316465,121.24,126.09,123.57142857142857,1.498815405257515
2015-10-26,124.21,25.0,485,0.1610869565217391,124.12,25.0,485,0.1610869565217391,122.69,125.77,124.33714285714287,1.2023964166809065,121.24,124.55,123.11285714285714,1.0117264828894894
2015-10-27,125.29,25.0,485,0.1610869565217391,124.21,25.0,485,0.1610869565217391,122.69,125.77,124.53285714285714,1.014982993049881,122.84,124.55,123.34142857142857,0.6248580791164989
2015-10-28,127.81,25.0,485,0.1610869565217391,125.29,25.0,485,0.1610869565217391,122.69,125.77,124.61999999999999,1.055114527744131,122.84,124.68,123.59714285714287,0.7608047118107605
2015-10-29,130.36,25.0,485,0.1610869565217391,127.81,25.0,485,0.1610869565217391,122.69,127.81,124.91142857142857,1.577903974382194,122.84,125.77,123.97714285714287,1.0759602577141378
2015-10-30,130.83,25.0,485,0.1610869565217391,130.36,25.0,485,0.1610869565217391,122.69,130.36,125.70857142857143,2.5871569245740504,122.84,125.77,124.12571428571428,1.1090515038018278
2015-11-02,131.1,25.0,485,0.1610869565217391,130.83,25.0,485,0.1610869565217391,122.69,130.83,126.47285714285714,3.220976633907998,122.84,125.77,124.25857142857144,1.2186389754028326
2015-11-03,131.2,25.0,485,0.1610869565217391,131.1,25.0,485,0.1610869565217391,124.12,131.1,127.67428571428572,3.1423073112104287,122.69,125.77,124.16,1.3248270327316465
2015-11-04,131.07,25.0,485,0.1610869565217391,131.2,25.0,485,0.1610869565217391,124.21,131.2,128.68571428571428,2.940560361238466,122.69,125.77,124.33714285714287,1.2023964166809065
2015-11-05,131.06,25.0,485,0.1610869565217391,131.07,25.0,485,0.1610869565217391,125.29,131.2,129.66571428571427,2.2661042719655686,122.69,125.77,124.53285714285714,1.014982993049881
2015-11-06,130.82,25.0,485,0.1610869565217391,131.06,25.0,485,0.1610869565217391,127.81,131.2,130.49,1.2146604463768236,122.69,125.77,124.61999999999999,1.055114527744131
2015-11-09,130.9,25.0,485,0.1610869565217391,130.82,25.0,485,0.1610869565217391,130.36,131.2,130.92,0.2841947688807431,122.69,127.81,124.91142857142857,1.577903974382194
2015-11-10,129.99,25.0,485,0.1610869565217391,130.9,25.0,485,0.1610869565217391,130.82,131.2,130.99714285714285,0.14705036387699694,122.69,130.36,125.70857142857143,2.5871569245740504
2015-11-11,129.62,25.0,485,0.1610869565217391,129.99,25.0,485,0.1610869565217391,129.99,131.2,130.87714285714287,0.41136821646342886,122.69,130.83,126.47285714285714,3.220976633907998
2015-11-12,126.66,25.0,485,0.1610869565217391,129.62,25.0,485,0.1610869565217391,129.62,131.2,130.6657142857143,0.6100780590118261,124.12,131.1,127.67428571428572,3.1423073112104287
2015-11-13,126.71,25.0,485,0.1610869565217391,126.66,25.0,485,0.1610869565217391,126.66,131.07,130.01714285714286,1.5837162444229966,124.21,131.2,128.68571428571428,2.940560361238466
2015-11-16,128.99,25.0,485,0.1610869565217391,126.71,25.0,485,0.1610869565217391,126.66,131.06,129.3942857142857,1.921890190607625,125.29,131.2,129.66571428571427,2.2661042719655686
2015-11-17,128.92,25.0,485,0.1610869565217391,128.99,25.0,485,0.1610869565217391,126.66,130.9,129.09857142857143,1.7766394172818003,127.81,131.2,130.49,1.2146604463768236
2015-11-18,129.59,25.0,485,0.1610869565217391,128.92,25.0,485,0.1610869565217391,126.66,130.9,128.82714285714286,1.6068365845709085,130.36,131.2,130.92,0.2841947688807431
2015-11-19,129.22,25.0,485,0.1610869565217391,129.59,25.0,485,0.1610869565217391,126.66,129.99,128.64000000000001,1.3863381020966532,130.82,131.2,130.99714285714285,0.14705036387699694
2015-11-20,130.13,25.0,485,0.1610869565217391,129.22,25.0,485,0.1610869565217391,126.66,129.62,128.53,1.2884616149986376,129.99,131.2,130.87714285714287,0.41136821646342886
2015-11-23,130.7,25.0,485,0.1610869565217391,130.13,25.0,485,0.1610869565217391,126.66,130.13,128.60285714285712,1.3720752443587283,129.62,131.2,130.6657142857143,0.6100780590118261
2015-11-24,129.36,25.0,485,0.1610869565217391,130.7,25.0,485,0.1610869565217391,126.71,130.7,129.18,1.2640675087424986,126.66,131.07,130.01714285714286,1.5837162444229966
2015-11-25,128.84,25.0,485,0.1610869565217391,129.36,25.0,485,0.1610869565217391,128.92,130.7,129.55857142857144,0.6474933351313815,126.66,131.06,129.3942857142857,1.921890190607625
2015-11-27,129.58,25.0,485,0.1610869565217391,128.84,25.0,485,0.1610869565217391,128.84,130.7,129.53714285714287,0.6714837869840264,126.66,130.9,129.09857142857143,1.7766394172818003
2015-11-30,129.88,25.0,485,0.1610869565217391,129.58,25.0,485,0.1610869565217391,128.84,130.7,129.63142857142856,0.6142862679887807,126.66,130.9,128.82714285714286,1.6068365845709085
2015-12-01,132.2,25.0,485,0.1610869565217391,129.88,25.0,485,0.1610869565217391,128.84,130.7,129.67285714285714,0.6207714094971855,126.66,129.99,128.64000000000001,1.3863381020966532
2015-12-02,131.68,25.0,485,0.1610869565217391,132.2,25.0,485,0.1610869565217391,128.84,132.2,130.09857142857143,1.097336602433242,126.66,129.62,128.53,1.2884616149986376
2015-12-03,127.98,25.0,485,0.1610869565217391,131.68,25.0,485,0.1610869565217391,128.84,132.2,130.32,1.2504399225841245,126.66,130.13,128.60285714285712,1.3720752443587283
2015-12-04,131.76,25.0,485,0.1610869565217391,127.98,25.0,485,0.1610869565217391,127.98,132.2,129.93142857142857,1.5086354603989023,126.71,130.7,129.18,1.2640675087424986
2015-12-07,130.04,25.0,485,0.1610869565217391,131.76,25.0,485,0.1610869565217391,127.98,132.2,130.2742857142857,1.6253292706671478,128.92,130.7,129.55857142857144,0.6474933351313815
2015-12-08,129.48,25.0,485,0.1610869565217391,130.04,25.0,485,0.1610869565217391,127.98,132.2,130.44571428571427,1.507877726504195,128.84,130.7,129.53714285714287,0.6714837869840264
2015-12-09,127.87,25.0,485,0.1610869565217391,129.48,25.0,485,0.1610869565217391,127.98,132.2,130.43142857142857,1.5178870025048568,128.84,130.7,129.63142857142856,0.6142862679887807
2015-12-10,127.74,25.0,485,0.1610869565217391,127.87,25.0,485,0.1610869565217391,127.87,132.2,130.1442857142857,1.8029407195155855,128.84,130.7,129.67285714285714,0.6207714094971855
2015-12-11,126.9,25.0,485,0.1610869565217391,127.74,25.0,485,0.1610869565217391,127.74,131.76,129.50714285714284,1.7424380838877542,128.84,132.2,130.09857142857143,1.097336602433242
2015-12-14,127.02,25.0,485,0.1610869565217391,126.9,25.0,485,0.1610869565217391,126.9,131.76,128.8242857142857,1.684654832526125,128.84,132.2,130.32,1.2504399225841245
2015-12-15,128.9,25.0,485,0.1610869565217391,127.02,25.0,485,0.1610869565217391,126.9,131.76,128.68714285714285,1.7999695764601558,127.98,132.2,129.93142857142857,1.5086354603989023
2015-12-16,130.17,25.0,485,0.1610869565217391,128.9,25.0,485,0.1610869565217391,126.9,130.04,128.27857142857144,1.2161199032328833,127.98,132.2,130.2742857142857,1.6253292706671478
2015-12-17,130.03,25.0,485,0.1610869565217391,130.17,25.0,485,0.1610869565217391,126.9,130.17,128.29714285714286,1.2480747077727445,127.98,132.2,130.44571428571427,1.507877726504195
2015-12-18,128.86,25.0,485,0.1610869565217391,130.03,25.0,485,0.1610869565217391,126.9,130.17,128.37571428571428,1.348244007868564,127.98,132.2,130.43142857142857,1.5178870025048568
2015-12-21,129.15,25.0,485,0.1610869565217391,128.86,25.0,485,0.1610869565217391,126.9,130.17,128.51714285714286,1.338241561222083,127.87,132.2,130.1442857142857,1.8029407195155855
2015-12-22,129.93,25.0,485,0.1610869565217391,129.15,25.0,485,0.1610869565217391,126.9,130.17,128.71857142857144,1.307534939892368,127.74,131.76,129.50714285714284,1.7424380838877542
2015-12-23,130.2,25.0,485,0.1610869565217391,129.93,25.0,485,0.1610869565217391,127.02,130.17,129.15142857142857,1.088323306301721,126.9,131.76,128.8242857142857,1.684654832526125
2015-12-24,130.97,25.0,485,0.1610869565217391,130.2,25.0,485,0.1610869565217391,128.86,130.2,129.6057142857143,0.60808050844767,126.9,131.76,128.68714285714285,1.7999695764601558
2015-12-28,131.4,25.0,485,0.1610869565217391,130.97,25.0,485,0.1610869565217391,128.86,130.97,129.90142857142857,0.7035251374612097,126.9,130.04,128.27857142857144,1.2161199032328833
2015-12-29,132.44,25.0,485,0.1610869565217391,131.4,25.0,485,0.1610869565217391,128.86,131.4,130.07714285714286,0.9061956059167061,126.9,130.17,128.29714285714286,1.2480747077727445
2015-12-30,131.32,25.0,485,0.1610869565217391,132.44,25.0,485,0.1610869565217391,128.86,132.44,130.42142857142858,1.2700581164025602,126.9,130.17,128.37571428571428,1.348244007868564
2015-12-31,129.63,25.0,485,0.1610869565217391,131.32,25.0,485,0.1610869565217391,129.15,132.44,130.77285714285713,1.0941619972303094,126.9,130.17,128.51714285714286,1.338241561222083
2016-01-04,126.22,28.63,425,0.3597802197802198,129.63,25.0,485,0.1610869565217391,129.63,132.44,130.84142857142857,0.9851129981074237,126.9,130.17,128.71857142857144,1.307534939892368
2016-01-05,126.55,28.63,425,0.3597802197802198,126.22,28.63,425,0.3597802197802198,126.22,132.44,130.31142857142856,2.015906980089435,127.02,130.17,129.15142857142857,1.088323306301721
2016-01-06,129.58,28.63,425,0.3597802197802198,126.55,28.63,425,0.3597802197802198,126.22,132.44,129.79,2.470357598943684,128.86,130.2,129.6057142857143,0.60808050844767
2016-01-07,126.94,28.63,425,0.3597802197802198,129.58,28.63,425,0.3597802197802198,126.22,132.44,129.59142857142857,2.414942570546901,128.86,130.97,129.90142857142857,0.7035251374612097
2016-01-08,126.64,28.63,425,0.3597802197802198,126.94,28.63,425,0.3597802197802198,126.22,132.44,128.95428571428573,2.44639774050617,128.86,131.4,130.07714285714286,0.9061956059167061
2016-01-11,124.25,28.63,425,0.3597802197802198,126.64,28.63,425,0.3597802197802198,126.22,131.32,128.12571428571428,2.0128409205448885,128.86,132.44,130.42142857142858,1.2700581164025602
2016-01-12,127.62,28.63,425,0.3597802197802198,124.25,28.63,425,0.3597802197802198,124.25,129.63,127.11571428571429,1.9142523095853503,129.15,132.44,130.77285714285713,1.0941619972303094
2016-01-13,127.58,28.63,425,0.3597802197802198,127.62,28.63,425,0.3597802197802198,124.25,129.58,126.82857142857144,1.599045846446696,129.63,132.44,130.84142857142857,0.9851129981074237
2016-01-14,127.4,28.63,425,0.3597802197802198,127.58,28.63,425,0.3597802197802198,124.25,129.58,127.02285714285713,1.595396651676748,126.22,132.44,130.31142857142856,2.015906980089435
2016-01-15,128.02,28.63,425,0.3597802197802198,127.4,28.63,425,0.3597802197802198,124.25,129.58,127.14428571428572,1.5857265121765265,126.22,132.44,129.79,2.470357598943684
2016-01-19,130.7,28.63,425,0.3597802197802198,128.02,28.63,425,0.3597802197802198,124.25,128.02,126.92142857142858,1.2631762686597365,126.22,132.44,129.59142857142857,2.414942570546901
2016-01-20,130.69,28.63,425,0.3597802197802198,130.7,28.63,425,0.3597802197802198,124.25,130.7,127.45857142857142,1.907497737623481,126.22,132.44,128.95428571428573,2.44639774050617
2016-01-21,130.85,28.63,425,0.3597802197802198,130.69,28.63,425,0.3597802197802198,124.25,130.7,128.03714285714287,2.208323000872339,126.22,131.32,128.12571428571428,2.0128409205448885
2016-01-22,134.06,28.63,425,0.3597802197802198,130.85,28.63,425,0.3597802197802198,127.4,130.85,128.98,1.6636806584573463,124.25,129.63,127.11571428571429,1.9142523095853503
2016-01-25,132.91,28.63,425,0.3597802197802198,134.06,28.63,425,0.3597802197802198,127.4,134.06,129.9,2.402741489769303,124.25,129.58,126.82857142857144,1.599045846446696
2016-01-26,135.29,28.63,425,0.3597802197802198,132.91,28.63,425,0.3597802197802198,127.4,134.06,130.66142857142856,2.3895008444666392,124.25,129.58,127.02285714285713,1.595396651676748
2016-01-27,133.06,28.63,425,0.3597802197802198,135.29,28.63,425,0.3597802197802198,128.02,135.29,131.78857142857143,2.4546515609567323,124.25,129.58,127.14428571428572,1.5857265121765265
2016-01-28,131.57,28.63,425,0.3597802197802198,133.06,28.63,425,0.3597802197802198,130.69,135.29,132.50857142857143,1.8228862514451287,124.25,128.02,126.92142857142858,1.2631762686597365
2016-01-29,133.83,28.63,425,0.3597802197802198,131.57,28.63,425,0.3597802197802198,130.69,135.29,132.63285714285715,1.7048627929691538,124.25,130.7,127.45857142857142,1.907497737623481
2016-02-01,136.13,28.63,425,0.3597802197802198,133.83,28.63,425,0.3597802197802198,130.85,135.29,133.08142857142857,1.5104792679945198,124.25,130.7,128.03714285714287,2.208323000872339
2016-02-02,135.31,28.63,425,0.3597802197802198,136.13,28.63,425,0.3597802197802198,131.57,136.13,133.8357142857143,1.528679791439624,127.4,130.85,128.98,1.6636806584573463
2016-02-03,135.57,28.63,425,0.3597802197802198,135.31,28.63,425,0.3597802197802198,131.57,136.13,134.0142857142857,1.628965491169974,127.4,134.06,129.9,2.402741489769303
2016-02-04,134.89,28.63,425,0.3597802197802198,135.57,28.63,425,0.3597802197802198,131.57,136.13,134.3942857142857,1.6386565345091257,127.4,134.06,130.66142857142856,2.3895008444666392
2016-02-05,132.97,28.63,425,0.3597802197802198,134.89,28.63,425,0.3597802197802198,131.57,136.13,134.33714285714285,1.608920075553166,128.02,135.29,131.78857142857143,2.4546515609567323
2016-02-08,131.45,28.63,425,0.3597802197802198,132.97,28.63,425,0.3597802197802198,131.57,136.13,134.3242857142857,1.621140104398577,130.69,135.29,132.50857142857143,1.8228862514451287
2016-02-09,132.19,28.63,425,0.3597802197802198,131.45,28.63,425,0.3597802197802198,131.45,136.13,134.30714285714288,1.6553923430770112,130.69,135.29,132.63285714285715,1.7048627929691538
2016-02-10,132.34,28.63,425,0.3597802197802198,132.19,28.63,425,0.3597802197802198,131.45,136.13,134.07285714285715,1.839943063299666,130.85,135.29,133.08142857142857,1.5104792679945198
2016-02-11,129.83,28.63,425,0.3597802197802198,132.34,28.63,425,0.3597802197802198,131.45,135.57,133.53142857142856,1.6847989847579585,131.57,136.13,133.8357142857143,1.528679791439624
2016-02-12,130.81,28.63,425,0.3597802197802198,129.83,28.63,425,0.3597802197802198,129.83,135.57,132.74857142857144,1.9697074958077019,131.57,136.13,134.0142857142857,1.628965491169974
2016-02-16,131.43,28.63,425,0.3597802197802198,130.81,28.63,425,0.3597802197802198,129.83,134.89,132.06857142857143,1.6247710461397449,131.57,136.13,134.3942857142857,1.6386565345091257
2016-02-17,133.38,28.63,425,0.3597802197802198,131.43,28.63,425,0.3597802197802198,129.83,132.97,131.5742857142857,1.0469297515854388,131.57,136.13,134.33714285714285,1.608920075553166
2016-02-18,132.69,28.63,425,0.3597802197802198,133.38,28.63,425,0.3597802197802198,129.83,133.38,131.63285714285715,1.1449121405228828,131.57,136.13,134.3242857142857,1.621140104398577
2016-02-19,132.65,28.63,425,0.3597802197802198,132.69,28.63,425,0.3597802197802198,129.83,133.38,131.81,1.2061923561327117,131.45,136.13,134.30714285714288,1.6553923430770112
2016-02-22,130.93,28.63,425,0.3597802197802198,132.65,28.63,425,0.3597802197802198,129.83,133.38,131.87571428571428,1.2423345918424138,131.45,136.13,134.07285714285715,1.839943063299666
2016-02-23,129.99,28.63,425,0.3597802197802198,130.93,28.63,425,0.3597802197802198,129.83,133.38,131.67428571428573,1.2685405937880523,131.45,135.57,133.53142857142856,1.6847989847579585
2016-02-24,130.63,28.63,425,0.3597802197802198,129.99,28.63,425,0.3597802197802198,129.99,133.38,131.69714285714286,1.2306463652013946,129.83,135.57,132.74857142857144,1.9697074958077019
2016-02-25,141.01,28.63,425,0.3597802197802198,130.63,28.63,425,0.3597802197802198,129.99,133.38,131.67142857142858,1.2539328606590292,129.83,134.89,132.06857142857143,1.6247710461397449
2016-02-26,143.12,28.63,425,0.3597802197802198,141.01,28.63,425,0.3597802197802198,129.99,141.01,133.04,3.7299195701775614,129.83,132.97,131.5742857142857,1.0469297515854388
2016-02-29,140.84,28.63,425,0.3597802197802198,143.12,28.63,425,0.3597802197802198,129.99,143.12,134.4314285714286,5.344967815840914,129.83,133.38,131.63285714285715,1.1449121405228828
2016-03-01,142.78,28.63,425,0.3597802197802198,140.84,28.63,425,0.3597802197802198,129.99,143.12,135.5957142857143,5.77293067439956,129.83,133.38,131.81,1.2061923561327117
2016-03-02,144.35,28.63,425,0.3597802197802198,142.78,28.63,425,0.3597802197802198,129.99,143.12,137.04285714285714,6.167624378655529,129.83,133.38,131.87571428571428,1.2423345918424138
2016-03-03,145.13,28.63,425,0.3597802197802198,144.35,28.63,425,0.3597802197802198,129.99,144.35,138.96,6.035130487404271,129.83,133.38,131.67428571428573,1.2685405937880523
2016-03-04,145.31,28.63,425,0.3597802197802198,145.13,28.63,425,0.3597802197802198,130.63,145.13,141.12285714285713,4.88874801384309,129.99,133.38,131.69714285714286,1.2306463652013946
2016-03-07,144.34,28.63,425,0.3597802197802198,145.31,28.63,425,0.3597802197802198,140.84,145.31,143.22,1.8278037823205542,129.99,133.38,131.67142857142858,1.2539328606590292
2016-03-08,145.16,28.63,425,0.3597802197802198,144.34,28.63,425,0.3597802197802198,140.84,145.31,143.69571428571427,1.5722262044928945,129.99,141.01,133.04,3.7299195701775614
2016-03-09,146.16,28.63,425,0.3597802197802198,145.16,28.63,425,0.3597802197802198,140.84,145.31,143.98714285714286,1.6355194311052503,129.99,143.12,134.4314285714286,5.344967815840914
2016-03-10,145.56,28.63,425,0.3597802197802198,146.16,28.63,425,0.3597802197802198,142.78,146.16,144.74714285714285,1.0663913335121733,129.99,143.12,135.5957142857143,5.77293067439956
2016-03-11,146.79,28.63,425,0.3597802197802198,145.56,28.63,425,0.3597802197802198,144.34,146.16,145.1442857142857,0.6468090172233937,129.99,143.12,137.04285714285714,6.167624378655529
2016-03-14,145.17,28.63,425,0.3597802197802198,146.79,28.63,425,0.3597802197802198,144.34,146.79,145.49285714285716,0.7892129895388812,129.99,144.35,138.96,6.035130487404271
2016-03-15,146.11,28.63,425,0.3597802197802198,145.17,28.63,425,0.3597802197802198,144.34,146.79,145.4985714285714,0.7862872369861904,130.63,145.13,141.12285714285713,4.88874801384309
2016-03-16,145.05,28.63,425,0.3597802197802198,146.11,28.63,425,0.3597802197802198,144.34,146.79,145.61285714285714,0.8120286178394787,140.84,145.31,143.22,1.8278037823205542
2016-03-17,143.93,28.63,425,0.3597802197802198,145.05,28.63,425,0.3597802197802198,145.05,146.79,145.71428571428572,0.6558672920353413,140.84,145.31,143.69571428571427,1.5722262044928945
2016-03-18,147.92,28.63,425,0.3597802197802198,143.93,28.63,425,0.3597802197802198,143.93,146.79,145.53857142857143,0.9346376940009434,140.84,145.31,143.98714285714286,1.6355194311052503
2016-03-21,149.95,28.63,425,0.3597802197802198,147.92,28.63,425,0.3597802197802198,143.93,147.92,145.79,1.2963924302977186,142.78,146.16,144.74714285714285,1.0663913335121733
2016-03-22,150.37,28.63,425,0.3597802197802198,149.95,28.63,425,0.3597802197802198,143.93,149.95,146.41714285714286,2.0241600256708954,144.34,146.16,145.1442857142857,0.6468090172233937
2016-03-23,152.96,28.63,425,0.3597802197802198,150.37,28.63,425,0.3597802197802198,143.93,150.37,146.92857142857142,2.5244961779296533,144.34,146.79,145.49285714285716,0.7892129895388812
2016-03-24,152.84,28.63,425,0.3597802197802198,152.96,28.63,425,0.3597802197802198,143.93,152.96,148.04142857142855,3.236636260952936,144.34,146.79,145.4985714285714,0.7862872369861904
2016-03-28,153.33,28.63,425,0.3597802197802198,152.84,28.63,425,0.3597802197802198,143.93,152.96,149.00285714285715,3.5515335386551183,144.34,146.79,145.61285714285714,0.8120286178394787
2016-03-29,156.69,28.63,425,0.3597802197802198,153.33,28.63,425,0.3597802197802198,143.93,153.33,150.18571428571428,3.390805494976717,145.05,146.79,145.71428571428572,0.6558672920353413
2016-03-30,154.15,28.63,425,0.3597802197802198,156.69,28.63,425,0.3597802197802198,147.92,156.69,152.00857142857143,2.8547470907918333,143.93,146.79,145.53857142857143,0.9346376940009434
2016-03-31,155.22,28.63,425,0.3597802197802198,154.15,28.63,425,0.3597802197802198,149.95,156.69,152.89857142857142,2.2811578096188208,143.93,147.92,145.79,1.2963924302977186
2016-04-01,156.81,30.5,474,0.3693406593406593,155.22,28.63,425,0.3597802197802198,150.37,156.69,153.65142857142857,1.9978941294236126,143.93,149.95,146.41714285714286,2.0241600256708954
2016-04-04,154.87,30.5,474,0.3693406593406593,156.81,30.5,474,0.3693406593406593,152.84,156.81,154.57142857142858,1.6947706685721506,143.93,150.37,146.92857142857142,2.5244961779296533
2016-04-05,153.71,30.5,474,0.3693406593406593,154.87,30.5,474,0.3693406593406593,152.84,156.81,154.84428571428572,1.5386558760057174,143.93,152.96,148.04142857142855,3.236636260952936
2016-04-06,156.02,30.5,474,0.3693406593406593,153.71,30.5,474,0.3693406593406593,153.33,156.81,154.96857142857147,1.3763530139657834,143.93,152.96,149.00285714285715,3.5515335386551183
2016-04-07,155.67,30.5,474,0.3693406593406593,156.02,30.5,474,0.3693406593406593,153.71,156.81,155.35285714285715,1.207817788215222,143.93,153.33,150.18571428571428,3.390805494976717
2016-04-08,155.24,30.5,474,0.3693406593406593,155.67,30.5,474,0.3693406593406593,153.71,156.81,155.20714285714286,1.0736963302205302,147.92,156.69,152.00857142857143,2.8547470907918333
2016-04-11,153.86,30.5,474,0.3693406593406593,155.24,30.5,474,0.3693406593406593,153.71,156.81,155.36285714285714,0.9687399769094138,149.95,156.69,152.89857142857142,2.2811578096188208
2016-04-12,154.77,30.5,474,0.3693406593406593,153.86,30.5,474,0.3693406593406593,153.71,156.81,155.16857142857143,1.1258097614840694,150.37,156.69,153.65142857142857,1.9978941294236126
2016-04-13,155.46,30.5,474,0.3693406593406593,154.77,30.5,474,0.3693406593406593,153.71,156.02,154.87714285714287,0.8635916142457118,152.84,156.81,154.57142857142858,1.6947706685721506
2016-04-14,153.75,30.5,474,0.3693406593406593,155.46,30.5,474,0.3693406593406593,153.71,156.02,154.96142857142857,0.8911309026845465,152.84,156.81,154.84428571428572,1.5386558760057174
2016-04-15,155.12,30.5,474,0.3693406593406593,153.75,30.5,474,0.3693406593406593,153.75,156.02,154.96714285714285,0.8818487074675773,153.33,156.81,154.96857142857147,1.3763530139657834
2016-04-18,156.0,30.5,474,0.3693406593406593,155.12,30.5,474,0.3693406593406593,153.75,155.67,154.83857142857144,0.7599436069336297,153.71,156.81,155.35285714285715,1.207817788215222
2016-04-19,154.73,30.5,474,0.3693406593406593,156.0,30.5,474,0.3693406593406593,153.75,156.0,154.8857142857143,0.8273624184319798,153.71,156.81,155.20714285714286,1.0736963302205302
2016-04-20,156.66,30.5,474,0.3693406593406593,154.73,30.5,474,0.3693406593406593,153.75,156.0,154.81285714285715,0.813300155454392,153.71,156.81,155.36285714285714,0.9687399769094138
2016-04-21,156.81,30.5,474,0.3693406593406593,156.66,30.5,474,0.3693406593406593,153.75,156.66,155.21285714285713,0.9445230592892156,153.71,156.81,155.16857142857143,1.1258097614840694
2016-04-22,156.76,30.5,474,0.3693406593406593,156.81,30.5,474,0.3693406593406593,153.75,156.81,155.50428571428571,1.088804499485871,153.71,156.02,154.87714285714287,0.8635916142457118
2016-04-25,156.14,30.5,474,0.3693406593406593,156.76,30.5,474,0.3693406593406593,153.75,156.81,155.69,1.1864793859730105,153.71,156.02,154.96142857142857,0.8911309026845465
2016-04-26,156.76,30.5,474,0.3693406593406593,156.14,30.5,474,0.3693406593406593,154.73,156.81,156.03142857142853,0.8235376650281813,153.75,156.02,154.96714285714285,0.8818487074675773
2016-04-27,158.42,30.5,474,0.3693406593406593,156.76,30.5,474,0.3693406593406593,154.73,156.81,156.2657142857143,0.7511293085089817,153.75,155.67,154.83857142857144,0.7599436069336297
2016-04-28,155.95,30.5,474,0.3693406593406593,158.42,30.5,474,0.3693406593406593,154.73,158.42,156.61142857142858,1.0892570644191932,153.75,156.0,154.8857142857143,0.8273624184319798
2016-04-29,153.99,30.5,474,0.3693406593406593,155.95,30.5,474,0.3693406593406593,155.95,158.42,156.78571428571428,0.7962381792538668,153.75,156.0,154.81285714285715,0.813300155454392
2016-05-02,156.86,30.5,474,0.3693406593406593,153.99,30.5,474,0.3693406593406593,153.99,158.42,156.4042857142857,1.3282677584362472,153.75,156.66,155.21285714285713,0.9445230592892156
2016-05-03,155.66,30.5,474,0.3693406593406593,156.86,30.5,474,0.3693406593406593,153.99,158.42,156.41142857142856,1.330944884553943,153.75,156.81,155.50428571428571,1.088804499485871
2016-05-04,154.78,30.5,474,0.3693406593406593,155.66,30.5,474,0.3693406593406593,153.99,158.42,156.25428571428571,1.3477618130692894,153.75,156.81,155.69,1.1864793859730105
2016-05-05,158.22,30.5,474,0.3693406593406593,154.78,30.5,474,0.3693406593406593,153.99,158.42,156.06,1.4603081866529997,154.73,156.81,156.03142857142853,0.8235376650281813
2016-05-06,159.29,30.5,474,0.3693406593406593,158.22,30.5,474,0.3693406593406593,153.99,158.42,156.26857142857145,1.6666376187962597,154.73,156.81,156.2657142857143,0.7511293085089817
2016-05-09,160.09,30.5,474,0.3693406593406593,159.29,30.5,474,0.3693406593406593,153.99,159.29,156.39285714285714,1.8734256882859828,154.73,158.42,156.61142857142858,1.0892570644191932
2016-05-10,160.75,30.5,474,0.3693406593406593,160.09,30.5,474,0.3693406593406593,153.99,160.09,156.9842857142857,2.312378696948586,155.95,158.42,156.78571428571428,0.7962381792538668
2016-05-11,158.67,30.5,474,0.3693406593406593,160.75,30.5,474,0.3693406593406593,154.78,160.75,157.95000000000002,2.2645529360134393,153.99,158.42,156.4042857142857,1.3282677584362472
2016-05-12,160.45,30.5,474,0.3693406593406593,158.67,30.5,474,0.3693406593406593,154.78,160.75,158.20857142857145,2.22229182430846,153.99,158.42,156.41142857142856,1.330944884553943
2016-05-13,157.71,30.5,474,0.3693406593406593,160.45,30.5,474,0.3693406593406593,154.78,160.75,158.89285714285714,2.0364406390067473,153.99,158.42,156.25428571428571,1.3477618130692894
2016-05-16,160.41,30.5,474,0.3693406593406593,157.71,30.5,474,0.3693406593406593,157.71,160.75,159.3114285714286,1.1647378613758086,153.99,158.42,156.06,1.4603081866529997
2016-05-17,156.43,30.5,474,0.3693406593406593,160.41,30.5,474,0.3693406593406593,157.71,160.75,159.6242857142857,1.1158084833145812,153.99,158.42,156.26857142857145,1.6666376187962597
2016-05-18,156.34,30.5,474,0.3693406593406593,156.43,30.5,474,0.3693406593406593,156.43,160.75,159.21571428571428,1.6529454230060063,153.99,159.29,156.39285714285714,1.8734256882859828
2016-05-19,156.6,30.5,474,0.3693406593406593,156.34,30.5,474,0.3693406593406593,156.34,160.75,158.68,1.9100523553053605,153.99,160.09,156.9842857142857,2.312378696948586
2016-05-20,157.67,30.5,474,0.3693406593406593,156.6,30.5,474,0.3693406593406593,156.34,160.45,158.08714285714285,1.8014319700905366,154.78,160.75,157.95000000000002,2.2645529360134393
2016-05-23,156.89,30.5,474,0.3693406593406593,157.67,30.5,474,0.3693406593406593,156.34,160.45,157.94428571428574,1.787100604732593,154.78,160.75,158.20857142857145,2.22229182430846
2016-05-24,158.43,30.5,474,0.3693406593406593,156.89,30.5,474,0.3693406593406593,156.34,160.41,157.43571428571428,1.4250597314154614,154.78,160.75,158.89285714285714,2.0364406390067473
2016-05-25,159.15,30.5,474,0.3693406593406593,158.43,30.5,474,0.3693406593406593,156.34,160.41,157.53857142857143,1.4733230984368961,157.71,160.75,159.3114285714286,1.1647378613758086
2016-05-26,158.42,30.5,474,0.3693406593406593,159.15,30.5,474,0.3693406593406593,156.34,159.15,157.35857142857142,1.0915497938195833,157.71,160.75,159.6242857142857,1.1158084833145812
2016-05-27,159.81,30.5,474,0.3693406593406593,158.42,30.5,474,0.3693406593406593,156.34,159.15,157.64285714285714,1.0682963740760227,156.43,160.75,159.21571428571428,1.6529454230060063
2016-05-31,159.59,30.5,474,0.3693406593406593,159.81,30.5,474,0.3693406593406593,156.6,159.81,158.13857142857142,1.1637930596637434,156.34,160.75,158.68,1.9100523553053605
2016-06-01,161.65,30.5,474,0.3693406593406593,159.59,30.5,474,0.3693406593406593,156.89,159.81,158.56571428571428,1.0479162998236513,156.34,160.45,158.08714285714285,1.8014319700905366
2016-06-02,164.63,30.5,474,0.3693406593406593,161.65,30.5,474,0.3693406593406593,156.89,161.65,159.1342857142857,1.4740178328081763,156.34,160.45,157.94428571428574,1.787100604732593
2016-06-03,164.17,30.5,474,0.3693406593406593,164.63,30.5,474,0.3693406593406593,158.42,164.63,160.24,2.222768543957909,156.34,160.41,157.43571428571428,1.4250597314154614
2016-06-06,165.98,30.5,474,0.3693406593406593,164.17,30.5,474,0.3693406593406593,158.42,164.63,161.05999999999997,2.486838689315423,156.34,160.41,157.53857142857143,1.4733230984368961
2016-06-07,166.72,30.5,474,0.3693406593406593,165.98,30.5,474,0.3693406593406593,158.42,165.98,162.03571428571428,2.9154865639841425,156.34,159.15,157.35857142857142,1.0915497938195833
2016-06-08,169.57,30.5,474,0.3693406593406593,166.72,30.5,474,0.3693406593406593,159.59,166.72,163.22142857142856,2.8875619968626474,156.34,159.15,157.64285714285714,1.0682963740760227
2016-06-09,171.09,30.5,474,0.3693406593406593,169.57,30.5,474,0.3693406593406593,159.59,169.57,164.6157142857143,3.293589010705616,156.6,159.81,158.13857142857142,1.1637930596637434
2016-06-10,173.15,30.5,474,0.3693406593406593,171.09,30.5,474,0.3693406593406593,161.65,171.09,166.25857142857143,3.2365641688465154,156.89,159.81,158.56571428571428,1.0479162998236513
2016-06-13,171.61,30.5,474,0.3693406593406593,173.15,30.5,474,0.3693406593406593,164.17,173.15,167.90142857142857,3.4208207035343325,156.89,161.65,159.1342857142857,1.4740178328081763
2016-06-14,172.06,30.5,474,0.3693406593406593,171.61,30.5,474,0.3693406593406593,164.17,173.15,168.89857142857142,3.3242363963868873,158.42,164.63,160.24,2.222768543957909
2016-06-15,169.65,30.5,474,0.3693406593406593,172.06,30.5,474,0.3693406593406593,165.98,173.15,170.0257142857143,2.739993048308417,158.42,164.63,161.05999999999997,2.486838689315423
2016-06-16,169.84,30.5,474,0.3693406593406593,169.65,30.5,474,0.3693406593406593,166.72,173.15,170.54999999999998,2.1171757917920475,158.42,165.98,162.03571428571428,2.9154865639841425
2016-06-17,169.45,30.5,474,0.3693406593406593,169.84,30.5,474,0.3693406593406593,169.57,173.15,170.99571428571429,1.3747224828230702,159.59,166.72,163.22142857142856,2.8875619968626474
2016-06-20,170.81,30.5,474,0.3693406593406593,169.45,30.5,474,0.3693406593406593,169.45,173.15,170.97857142857143,1.3960471407029662,159.59,169.57,164.6157142857143,3.293589010705616
2016-06-21,172.1,30.5,474,0.3693406593406593,170.81,30.5,474,0.3693406593406593,169.45,173.15,170.93857142857146,1.3963336345819697,161.65,171.09,166.25857142857143,3.2365641688465154
2016-06-22,173.22,30.5,474,0.3693406593406593,172.1,30.5,474,0.3693406593406593,169.45,172.1,170.78857142857143,1.1546634224157097,164.17,173.15,167.90142857142857,3.4208207035343325
2016-06-23,175.0,30.5,474,0.3693406593406593,173.22,30.5,474,0.3693406593406593,169.45,173.22,171.01857142857142,1.464370496970721,164.17,173.15,168.89857142857142,3.3242363963868873
2016-06-24,169.65,30.5,474,0.3693406593406593,175.0,30.5,474,0.3693406593406593,169.45,175.0,171.4385714285714,2.0975654822671457,165.98,173.15,170.0257142857143,2.739993048308417
2016-06-27,167.44,30.5,474,0.3693406593406593,169.65,30.5,474,0.3693406593406593,169.45,175.0,171.4385714285714,2.0975654822671457,166.72,173.15,170.54999999999998,2.1171757917920475
2016-06-28,169.8,30.5,474,0.3693406593406593,167.44,30.5,474,0.3693406593406593,167.44,175.0,171.0957142857143,2.54980298025409,169.57,173.15,170.99571428571429,1.3747224828230702
2016-06-29,172.07,30.5,474,0.3693406593406593,169.8,30.5,474,0.3693406593406593,167.44,175.0,171.1457142857143,2.515351911385893,169.45,173.15,170.97857142857143,1.3960471407029662
2016-06-30,175.66,30.5,474,0.3693406593406593,172.07,30.5,474,0.3693406593406593,167.44,175.0,171.32571428571427,2.5323497464040767,169.45,173.15,170.93857142857146,1.3963336345819697
2016-07-01,177.46,28.21,456,0.394891304347826,175.66,30.5,474,0.3693406593406593,167.44,175.66,171.8342857142857,3.0235953055008,169.45,172.1,170.78857142857143,1.1546634224157097
2016-07-05,177.01,28.21,456,0.394891304347826,177.46,28.21,456,0.394891304347826,167.44,177.46,172.44000000000003,3.6971385331566444,169.45,173.22,171.01857142857142,1.464370496970721
2016-07-06,176.39,28.21,456,0.394891304347826,177.01,28.21,456,0.394891304347826,167.44,177.46,172.72714285714287,3.9951458641968225,169.45,175.0,171.4385714285714,2.0975654822671457
2016-07-07,177.45,28.21,456,0.394891304347826,176.39,28.21,456,0.394891304347826,167.44,177.46,173.69,3.9417677929264756,169.45,175.0,171.4385714285714,2.0975654822671457
2016-07-08,180.4,28.21,456,0.394891304347826,177.45,28.21,456,0.394891304347826,169.8,177.46,175.11999999999998,2.999611085905424,167.44,175.0,171.0957142857143,2.54980298025409
2016-07-11,181.25,28.21,456,0.394891304347826,180.4,28.21,456,0.394891304347826,172.07,180.4,176.6342857142857,2.5003523561256213,167.44,175.0,171.1457142857143,2.515351911385893
2016-07-12,180.03,28.21,456,0.394891304347826,181.25,28.21,456,0.394891304347826,175.66,181.25,177.9457142857143,2.079413836826074,167.44,175.0,171.32571428571427,2.5323497464040767
2016-07-13,179.0,28.21,456,0.394891304347826,180.03,28.21,456,0.394891304347826,176.39,181.25,178.57,1.9293954148097463,167.44,175.66,171.8342857142857,3.0235953055008
2016-07-14,178.38,28.21,456,0.394891304347826,179.0,28.21,456,0.394891304347826,176.39,181.25,178.79,1.8685734309063193,167.44,177.46,172.44000000000003,3.6971385331566444
2016-07-15,177.3,28.21,456,0.394891304347826,178.38,28.21,456,0.394891304347826,176.39,181.25,178.98571428571427,1.7166329169193488,167.44,177.46,172.72714285714287,3.9951458641968225
2016-07-18,177.09,28.21,456,0.394891304347826,177.3,28.21,456,0.394891304347826,177.3,181.25,179.1157142857143,1.5092255977104374,167.44,177.46,173.69,3.9417677929264756
2016-07-19,177.13,28.21,456,0.394891304347826,177.09,28.21,456,0.394891304347826,177.09,181.25,179.06428571428572,1.5799246516161407,169.8,177.46,175.11999999999998,2.999611085905424
2016-07-20,177.35,28.21,456,0.394891304347826,177.13,28.21,456,0.394891304347826,177.09,181.25,178.59714285714284,1.6024326744711108,172.07,180.4,176.6342857142857,2.5003523561256213
2016-07-21,176.42,28.21,456,0.394891304347826,177.35,28.21,456,0.394891304347826,177.09,180.03,178.04,1.136632453062604,175.66,181.25,177.9457142857143,2.079413836826074
2016-07-22,176.18,28.21,456,0.394891304347826,176.42,28.21,456,0.394891304347826,176.42,179.0,177.5242857142857,0.8712224580725706,176.39,181.25,178.57,1.9293954148097463
2016-07-25,174.5,28.21,456,0.394891304347826,176.18,28.21,456,0.394891304347826,176.18,178.38,177.12142857142857,0.7126810547050292,176.39,181.25,178.79,1.8685734309063193
2016-07-26,175.9,28.21,456,0.394891304347826,174.5,28.21,456,0.394891304347826,174.5,177.35,176.56714285714287,1.0152785214961046,176.39,181.25,178.98571428571427,1.7166329169193488
2016-07-27,173.1,28.21,456,0.394891304347826,175.9,28.21,456,0.394891304347826,174.5,177.35,176.36714285714288,0.9842715459725461,177.3,181.25,179.1157142857143,1.5092255977104374
2016-07-28,178.88,28.21,456,0.394891304347826,173.1,28.21,456,0.394891304347826,173.1,177.35,175.79714285714286,1.5105265559436034,177.09,181.25,179.06428571428572,1.5799246516161407
2016-07-29,178.62,28.21,456,0.394891304347826,178.88,28.21,456,0.394891304347826,173.1,178.88,176.0471428571429,1.8699439767573225,177.09,181.25,178.59714285714284,1.6024326744711108
2016-08-01,178.64,28.21,456,0.394891304347826,178.62,28.21,456,0.394891304347826,173.1,178.88,176.22857142857143,2.0684892117360074,177.09,180.03,178.04,1.136632453062604
2016-08-02,178.26,28.21,456,0.394891304347826,178.64,28.21,456,0.394891304347826,173.1,178.88,176.5457142857143,2.263705348490105,176.42,179.0,177.5242857142857,0.8712224580725706
2016-08-03,178.34,28.21,456,0.394891304347826,178.26,28.21,456,0.394891304347826,173.1,178.88,176.84285714285716,2.342831010311694,176.18,178.38,177.12142857142857,0.7126810547050292
2016-08-04,178.18,28.21,456,0.394891304347826,178.34,28.21,456,0.394891304347826,173.1,178.88,177.39142857142858,2.1439482936245358,174.5,177.35,176.56714285714287,1.0152785214961046
2016-08-05,178.56,28.21,456,0.394891304347826,178.18,28.21,456,0.394891304347826,173.1,178.88,177.71714285714285,2.05076989027989,174.5,177.35,176.36714285714288,0.9842715459725461
2016-08-08,177.59,28.21,456,0.394891304347826,178.56,28.21,456,0.394891304347826,178.18,178.88,178.49714285714285,0.2475018037894112,173.1,177.35,175.79714285714286,1.5105265559436034
2016-08-09,178.17,28.21,456,0.394891304347826,177.59,28.21,456,0.394891304347826,177.59,178.64,178.31285714285713,0.3665475997451195,173.1,178.88,176.0471428571429,1.8699439767573225
2016-08-10,179.47,28.21,456,0.394891304347826,178.17,28.21,456,0.394891304347826,177.59,178.64,178.24857142857144,0.34236571927693604,173.1,178.88,176.22857142857143,2.0684892117360074
2016-08-11,180.16,28.21,456,0.394891304347826,179.47,28.21,456,0.394891304347826,177.59,179.47,178.36714285714285,0.5691430484031264,173.1,178.88,176.5457142857143,2.263705348490105
2016-08-12,180.14,28.21,456,0.394891304347826,180.16,28.21,456,0.394891304347826,177.59,180.16,178.6385714285714,0.8785106444448406,173.1,178.88,176.84285714285716,2.342831010311694
2016-08-15,180.57,28.21,456,0.394891304347826,180.14,28.21,456,0.394891304347826,177.59,180.16,178.8957142857143,1.0273729790671529,173.1,178.88,177.39142857142858,2.1439482936245358
2016-08-16,178.35,28.21,456,0.394891304347826,180.57,28.21,456,0.394891304347826,177.59,180.57,179.23714285714283,1.140755806273231,173.1,178.88,177.71714285714285,2.05076989027989
2016-08-17,180.33,28.21,456,0.394891304347826,178.35,28.21,456,0.394891304347826,177.59,180.57,179.20714285714286,1.1640548997130993,178.18,178.88,178.49714285714285,0.2475018037894112
2016-08-18,182.38,28.21,456,0.394891304347826,180.33,28.21,456,0.394891304347826,178.17,180.57,179.59857142857143,0.9749603166642833,177.59,178.64,178.31285714285713,0.3665475997451195
2016-08-19,181.25,28.21,456,0.394891304347826,182.38,28.21,456,0.394891304347826,178.35,182.38,180.20000000000002,1.21564797537069,177.59,178.64,178.24857142857144,0.34236571927693604
2016-08-22,181.07,28.21,456,0.394891304347826,181.25,28.21,456,0.394891304347826,178.35,182.38,180.4542857142857,1.2236401587551207,177.59,179.47,178.36714285714285,0.5691430484031264
2016-08-23,180.79,28.21,456,0.394891304347826,181.07,28.21,456,0.394891304347826,178.35,182.38,180.58428571428573,1.2354467092722659,177.59,180.16,178.6385714285714,0.8785106444448406
2016-08-24,179.13,28.21,456,0.394891304347826,180.79,28.21,456,0.394891304347826,178.35,182.38,180.67714285714285,1.220829148385213,177.59,180.16,178.8957142857143,1.0273729790671529
2016-08-25,179.56,28.21,456,0.394891304347826,179.13,28.21,456,0.394891304347826,178.35,182.38,180.47142857142856,1.3557584417601805,177.59,180.57,179.23714285714283,1.140755806273231
2016-08-26,181.02,28.21,456,0.394891304347826,179.56,28.21,456,0.394891304347826,179.13,182.38,180.6442857142857,1.0916021427783873,177.59,180.57,179.20714285714286,1.1640548997130993
2016-08-29,183.06,28.21,456,0.394891304347826,181.02,28.21,456,0.394891304347826,179.13,182.38,180.74285714285716,1.0896438911621524,178.17,180.57,179.59857142857143,0.9749603166642833
2016-08-30,183.12,28.21,456,0.394891304347826,183.06,28.21,456,0.394891304347826,179.13,183.06,180.84,1.2745456706960012,178.35,182.38,180.20000000000002,1.21564797537069
2016-08-31,181.72,28.21,456,0.394891304347826,183.12,28.21,456,0.394891304347826,179.13,183.12,181.10714285714286,1.5425921289225781,178.35,182.38,180.4542857142857,1.2236401587551207
2016-09-01,182.71,28.21,456,0.394891304347826,181.72,28.21,456,0.394891304347826,179.13,183.12,181.2,1.5594550330238677,178.35,182.38,180.58428571428573,1.2354467092722659
2016-09-02,184.2,28.21,456,0.394891304347826,182.71,28.21,456,0.394891304347826,179.13,183.12,181.4742857142857,1.6419892117344168,178.35,182.38,180.67714285714285,1.220829148385213
2016-09-06,185.16,28.21,456,0.394891304347826,184.2,28.21,456,0.394891304347826,179.56,184.2,182.19857142857146,1.5512621589332833,178.35,182.38,180.47142857142856,1.3557584417601805
2016-09-07,186.78,28.21,456,0.394891304347826,185.16,28.21,456,0.394891304347826,181.02,185.16,182.99857142857144,1.4003860012173395,179.13,182.38,180.6442857142857,1.0916021427783873
2016-09-08,186.94,28.21,456,0.394891304347826,186.78,28.21,456,0.394891304347826,181.72,186.78,183.82142857142858,1.703490813713411,179.13,182.38,180.74285714285716,1.0896438911621524
2016-09-09,179.17,28.21,456,0.394891304347826,186.94,28.21,456,0.394891304347826,181.72,186.94,184.3757142857143,2.016861068951931,179.13,183.06,180.84,1.2745456706960012
2016-09-12,181.3,28.21,456,0.394891304347826,179.17,28.21,456,0.394891304347826,179.17,186.94,183.8114285714286,2.8195769692880024,179.13,183.12,181.10714285714286,1.5425921289225781
2016-09-13,177.99,28.21,456,0.394891304347826,181.3,28.21,456,0.394891304347826,179.17,186.94,183.75142857142856,2.875415497930563,179.13,183.12,181.2,1.5594550330238677
2016-09-14,175.61,28.21,456,0.394891304347826,177.99,28.21,456,0.394891304347826,177.99,186.94,183.07714285714286,3.617894020404925,179.13,183.12,181.4742857142857,1.6419892117344168
2016-09-15,175.19,28.21,456,0.394891304347826,175.61,28.21,456,0.394891304347826,175.61,186.94,181.85,4.5183182712181535,179.56,184.2,182.19857142857146,1.5512621589332833
2016-09-16,171.51,28.21,456,0.394891304347826,175.19,28.21,456,0.394891304347826,175.19,186.94,180.4257142857143,4.859536525031807,181.02,185.16,182.99857142857144,1.4003860012173395
2016-09-19,174.04,28.21,456,0.394891304347826,171.51,28.21,456,0.394891304347826,171.51,186.94,178.24428571428572,4.958043488929579,181.72,186.78,183.82142857142858,1.703490813713411
2016-09-20,173.05,28.21,456,0.394891304347826,174.04,28.21,456,0.394891304347826,171.51,181.3,176.40142857142857,3.311114759775269,181.72,186.94,184.3757142857143,2.016861068951931
2016-09-21,172.79,28.21,456,0.394891304347826,173.05,28.21,456,0.394891304347826,171.51,181.3,175.52714285714288,3.2659185246334594,179.17,186.94,183.8114285714286,2.8195769692880024
2016-09-22,175.79,28.21,456,0.394891304347826,172.79,28.21,456,0.394891304347826,171.51,177.99,174.3114285714286,2.1532024875520728,179.17,186.94,183.75142857142856,2.875415497930563
2016-09-23,170.27,28.21,456,0.394891304347826,175.79,28.21,456,0.394891304347826,171.51,175.79,173.99714285714285,1.6217553687932627,177.99,186.94,183.07714285714286,3.617894020404925
2016-09-26,165.99,28.21,456,0.394891304347826,170.27,28.21,456,0.394891304347826,170.27,175.79,173.2342857142857,1.9577696250531542,175.61,186.94,181.85,4.5183182712181535
2016-09-27,167.01,28.21,456,0.394891304347826,165.99,28.21,456,0.394891304347826,165.99,175.79,171.92,3.1506771758916794,175.19,186.94,180.4257142857143,4.859536525031807
2016-09-28,166.76,28.21,456,0.394891304347826,167.01,28.21,456,0.394891304347826,165.99,175.79,171.27714285714282,3.6653272445365053,171.51,186.94,178.24428571428572,4.958043488929579
2016-09-29,163.28,28.21,456,0.394891304347826,166.76,28.21,456,0.394891304347826,165.99,175.79,170.23714285714283,3.781704705051369,171.51,181.3,176.40142857142857,3.311114759775269
2016-09-30,166.79,28.21,456,0.394891304347826,163.28,28.21,456,0.394891304347826,163.28,175.79,168.84142857142857,4.33322985224616,171.51,181.3,175.52714285714288,3.2659185246334594
2016-10-03,165.93,31.41,514,0.4481521739130434,166.79,28.21,456,0.394891304347826,163.28,175.79,167.98428571428573,4.00282340830957,171.51,177.99,174.3114285714286,2.1532024875520728
2016-10-04,164.04,31.41,514,0.4481521739130434,165.93,31.41,514,0.4481521739130434,163.28,170.27,166.57571428571427,2.0630871458674576,171.51,175.79,173.99714285714285,1.6217553687932627
2016-10-05,166.59,31.41,514,0.4481521739130434,164.04,31.41,514,0.4481521739130434,163.28,167.01,165.68571428571428,1.4591876409300393,170.27,175.79,173.2342857142857,1.9577696250531542
2016-10-06,167.8,31.41,514,0.4481521739130434,166.59,31.41,514,0.4481521739130434,163.28,167.01,165.77142857142854,1.4971687565965095,165.99,175.79,171.92,3.1506771758916794
2016-10-07,166.57,31.41,514,0.4481521739130434,167.8,31.41,514,0.4481521739130434,163.28,167.8,165.8842857142857,1.6299780892524576,165.99,175.79,171.27714285714282,3.6653272445365053
2016-10-10,167.79,31.41,514,0.4481521739130434,166.57,31.41,514,0.4481521739130434,163.28,167.8,165.85714285714286,1.6144732297372775,165.99,175.79,170.23714285714283,3.781704705051369
2016-10-11,163.56,31.41,514,0.4481521739130434,167.79,31.41,514,0.4481521739130434,164.04,167.8,166.50142857142856,1.279823276496588,163.28,175.79,168.84142857142857,4.33322985224616
2016-10-12,164.13,31.41,514,0.4481521739130434,163.56,31.41,514,0.4481521739130434,163.56,167.8,166.04,1.6785906787186855,163.28,175.79,167.98428571428573,4.00282340830957
2016-10-13,166.44,31.41,514,0.4481521739130434,164.13,31.41,514,0.4481521739130434,163.56,167.8,165.78285714285715,1.8293506524278655,163.28,170.27,166.57571428571427,2.0630871458674576
2016-10-14,167.55,31.41,514,0.4481521739130434,166.44,31.41,514,0.4481521739130434,163.56,167.8,166.1257142857143,1.6658617103799105,163.28,167.01,165.68571428571428,1.4591876409300393
2016-10-17,167.42,31.41,514,0.4481521739130434,167.55,31.41,514,0.4481521739130434,163.56,167.8,166.26285714285714,1.7479484573460793,163.28,167.01,165.77142857142854,1.4971687565965095
2016-10-18,166.33,31.41,514,0.4481521739130434,167.42,31.41,514,0.4481521739130434,163.56,167.79,166.20857142857145,1.6974238183383372,163.28,167.8,165.8842857142857,1.6299780892524576
2016-10-19,166.85,31.41,514,0.4481521739130434,166.33,31.41,514,0.4481521739130434,163.56,167.79,166.17428571428573,1.6913195749995233,163.28,167.8,165.85714285714286,1.6144732297372775
2016-10-20,167.83,31.41,514,0.4481521739130434,166.85,31.41,514,0.4481521739130434,163.56,167.55,166.04,1.574970899206688,164.04,167.8,166.50142857142856,1.279823276496588
2016-10-21,166.54,31.41,514,0.4481521739130434,167.83,31.41,514,0.4481521739130434,164.13,167.83,166.65000000000003,1.2471434026131853,163.56,167.8,166.04,1.6785906787186855
2016-10-24,166.76,31.41,514,0.4481521739130434,166.54,31.41,514,0.4481521739130434,166.33,167.83,166.99428571428572,0.6005790856418011,163.56,167.8,165.78285714285715,1.8293506524278655
2016-10-25,161.59,31.41,514,0.4481521739130434,166.76,31.41,514,0.4481521739130434,166.33,167.83,167.04,0.5623166367938333,163.56,167.8,166.1257142857143,1.6658617103799105
2016-10-26,156.31,31.41,514,0.4481521739130434,161.59,31.41,514,0.4481521739130434,161.59,167.83,166.18857142857146,2.092251009255099,163.56,167.8,166.26285714285714,1.7479484573460793
2016-10-27,138.37,31.41,514,0.4481521739130434,156.31,31.41,514,0.4481521739130434,156.31,167.83,164.60142857142858,4.177353343014542,163.56,167.79,166.20857142857145,1.6974238183383372
2016-10-28,141.18,31.41,514,0.4481521739130434,138.37,31.41,514,0.4481521739130434,138.37,167.83,160.60714285714286,10.631097018160228,163.56,167.79,166.17428571428573,1.6913195749995233
2016-10-31,142.06,31.41,514,0.4481521739130434,141.18,31.41,514,0.4481521739130434,138.37,167.83,156.94,12.399102118030266,163.56,167.55,166.04,1.574970899206688
2016-11-01,138.86,31.41,514,0.4481521739130434,142.06,31.41,514,0.4481521739130434,138.37,166.76,153.25857142857143,12.45243139387062,164.13,167.83,166.65000000000003,1.2471434026131853
2016-11-02,140.09,31.41,514,0.4481521739130434,138.86,31.41,514,0.4481521739130434,138.37,166.76,149.30428571428573,11.91529948867281,166.33,167.83,166.99428571428572,0.6005790856418011
2016-11-03,140.91,31.41,514,0.4481521739130434,140.09,31.41,514,0.4481521739130434,138.37,161.59,145.49428571428572,9.402433828789462,166.33,167.83,167.04,0.5623166367938333
2016-11-04,141.86,31.41,514,0.4481521739130434,140.91,31.41,514,0.4481521739130434,138.37,156.31,142.54,6.208644511217204,161.59,167.83,166.18857142857146,2.092251009255099
2016-11-07,145.23,31.41,514,0.4481521739130434,141.86,31.41,514,0.4481521739130434,138.37,142.06,140.4757142857143,1.4320248734204795,156.31,167.83,164.60142857142858,4.177353343014542
2016-11-08,143.91,31.41,514,0.4481521739130434,145.23,31.41,514,0.4481521739130434,138.86,145.23,141.45571428571427,1.9895799987506873,138.37,167.83,160.60714285714286,10.631097018160228
2016-11-09,144.82,31.41,514,0.4481521739130434,143.91,31.41,514,0.4481521739130434,138.86,145.23,141.8457142857143,2.184543103586878,138.37,167.83,156.94,12.399102118030266
2016-11-10,142.25,31.41,514,0.4481521739130434,144.82,31.41,514,0.4481521739130434,138.86,145.23,142.24,2.461219210066555,138.37,166.76,153.25857142857143,12.45243139387062
2016-11-11,142.33,31.41,514,0.4481521739130434,142.25,31.41,514,0.4481521739130434,140.09,145.23,142.7242857142857,1.9697534290944894,138.37,166.76,149.30428571428573,11.91529948867281
2016-11-14,141.33,31.41,514,0.4481521739130434,142.33,31.41,514,0.4481521739130434,140.91,145.23,143.04428571428573,1.621664341994463,138.37,161.59,145.49428571428572,9.402433828789462
2016-11-15,147.22,31.41,514,0.4481521739130434,141.33,31.41,514,0.4481521739130434,141.33,145.23,143.1042857142857,1.534990305538233,138.37,156.31,142.54,6.208644511217204
2016-11-16,149.06,31.41,514,0.4481521739130434,147.22,31.41,514,0.4481521739130434,141.33,147.22,143.86999999999998,2.0584703058343012,138.37,142.06,140.4757142857143,1.4320248734204795
2016-11-17,147.61,31.41,514,0.4481521739130434,149.06,31.41,514,0.4481521739130434,141.33,149.06,144.41714285714286,2.840620321254797,138.86,145.23,141.45571428571427,1.9895799987506873
2016-11-18,150.28,31.41,514,0.4481521739130434,147.61,31.41,514,0.4481521739130434,141.33,149.06,144.94571428571427,3.0658378797262116,138.86,145.23,141.8457142857143,2.184543103586878
2016-11-21,149.6,31.41,514,0.4481521739130434,150.28,31.41,514,0.4481521739130434,141.33,150.28,145.7257142857143,3.6646093795607393,138.86,145.23,142.24,2.461219210066555
2016-11-22,149.05,31.41,514,0.4481521739130434,149.6,31.41,514,0.4481521739130434,141.33,150.28,146.7757142857143,3.5540627322495473,140.09,145.23,142.7242857142857,1.9697534290944894
2016-11-23,150.52,31.41,514,0.4481521739130434,149.05,31.41,514,0.4481521739130434,141.33,150.28,147.7357142857143,3.0206227677029873,140.91,145.23,143.04428571428573,1.621664341994463
2016-11-25,152.4,31.41,514,0.4481521739130434,150.52,31.41,514,0.4481521739130434,147.22,150.52,149.04857142857145,1.2515913679733461,141.33,145.23,143.1042857142857,1.534990305538233
2016-11-28,149.31,31.41,514,0.4481521739130434,152.4,31.41,514,0.4481521739130434,147.61,152.4,149.78857142857143,1.4974470338053403,141.33,147.22,143.86999999999998,2.0584703058343012
2016-11-29,148.86,31.41,514,0.4481521739130434,149.31,31.41,514,0.4481521739130434,147.61,152.4,149.8242857142857,1.4800546965456085,141.33,149.06,144.41714285714286,2.840620321254797
2016-11-30,147.16,31.41,514,0.4481521739130434,148.86,31.41,514,0.4481521739130434,148.86,152.4,150.00285714285715,1.221129453768946,141.33,149.06,144.94571428571427,3.0658378797262116
2016-12-01,145.28,31.41,514,0.4481521739130434,147.16,31.41,514,0.4481521739130434,147.16,152.4,149.55714285714288,1.6104524652599523,141.33,150.28,145.7257142857143,3.6646093795607393
2016-12-02,151.74,31.41,514,0.4481521739130434,145.28,31.41,514,0.4481521739130434,145.28,152.4,148.94,2.2798903482414357,141.33,150.28,146.7757142857143,3.5540627322495473
2016-12-05,153.41,31.41,514,0.4481521739130434,151.74,31.41,514,0.4481521739130434,145.28,152.4,149.3242857142857,2.5160011734429952,141.33,150.28,147.7357142857143,3.0206227677029873
2016-12-06,152.61,31.41,514,0.4481521739130434,153.41,31.41,514,0.4481521739130434,145.28,153.41,149.73714285714286,2.9453846058189503,147.22,150.52,149.04857142857145,1.2515913679733461
2016-12-07,153.63,31.41,514,0.4481521739130434,152.61,31.41,514,0.4481521739130434,145.28,153.41,149.76714285714283,2.9779171372278435,147.61,152.4,149.78857142857143,1.4974470338053403
2016-12-08,155.8,31.41,514,0.4481521739130434,153.63,31.41,514,0.4481521739130434,145.28,153.63,150.3842857142857,3.2978420072476102,147.61,152.4,149.8242857142857,1.4800546965456085
2016-12-09,155.22,31.41,514,0.4481521739130434,155.8,31.41,514,0.4481521739130434,145.28,155.8,151.3757142857143,3.77227984620716,148.86,152.4,150.00285714285715,1.221129453768946
2016-12-12,157.63,31.41,514,0.4481521739130434,155.22,31.41,514,0.4481521739130434,145.28,155.8,152.52714285714288,3.490614627282197,147.16,152.4,149.55714285714288,1.6104524652599523
2016-12-13,155.51,31.41,514,0.4481521739130434,157.63,31.41,514,0.4481521739130434,151.74,157.63,154.29142857142855,2.034514099006031,145.28,152.4,148.94,2.2798903482414357
2016-12-14,155.81,31.41,514,0.4481521739130434,155.51,31.41,514,0.4481521739130434,152.61,157.63,154.82999999999998,1.7214431929847744,145.28,152.4,149.3242857142857,2.5160011734429952
2016-12-15,155.36,31.41,514,0.4481521739130434,155.81,31.41,514,0.4481521739130434,152.61,157.63,155.17285714285714,1.6279508007095647,145.28,153.41,149.73714285714286,2.9453846058189503
2016-12-16,156.48,31.41,514,0.4481521739130434,155.36,31.41,514,0.4481521739130434,153.63,157.63,155.56571428571428,1.1752851730973792,145.28,153.41,149.76714285714283,2.9779171372278435
2016-12-19,159.29,31.41,514,0.4481521739130434,156.48,31.41,514,0.4481521739130434,155.22,157.63,155.97285714285712,0.8382862336525037,145.28,153.63,150.3842857142857,3.2978420072476102
2016-12-20,158.73,31.41,514,0.4481521739130434,159.29,31.41,514,0.4481521739130434,155.22,159.29,156.47142857142856,1.4972132844238835,145.28,155.8,151.3757142857143,3.77227984620716
2016-12-21,159.55,31.41,514,0.4481521739130434,158.73,31.41,514,0.4481521739130434,155.36,159.29,156.97285714285712,1.5929502428508096,145.28,155.8,152.52714285714288,3.490614627282197
2016-12-22,158.91,31.41,514,0.4481521739130434,159.55,31.41,514,0.4481521739130434,155.36,159.55,157.24714285714285,1.866732566866126,151.74,157.63,154.29142857142855,2.034514099006031
2016-12-23,160.59,31.41,514,0.4481521739130434,158.91,31.41,514,0.4481521739130434,155.36,159.55,157.73285714285717,1.7797070384941127,152.61,157.63,154.82999999999998,1.7214431929847744
2016-12-27,160.69,31.41,514,0.4481521739130434,160.59,31.41,514,0.4481521739130434,155.36,160.59,158.41571428571427,1.8351190437599827,152.61,157.63,155.17285714285714,1.6279508007095647
2016-12-28,159.16,31.41,514,0.4481521739130434,160.69,31.41,514,0.4481521739130434,156.48,160.69,159.17714285714285,1.4131845159778191,153.63,157.63,155.56571428571428,1.1752851730973792
2016-12-29,160.74,31.41,514,0.4481521739130434,159.16,31.41,514,0.4481521739130434,158.73,160.69,159.55999999999997,0.7833900688731837,155.22,157.63,155.97285714285712,0.8382862336525037
2016-12-30,160.31,31.41,514,0.4481521739130434,160.74,31.41,514,0.4481521739130434,158.73,160.74,159.76714285714283,0.8851876314467804,155.22,159.29,156.47142857142856,1.4972132844238835
2017-01-03,158.04,39.23,488,0.698888888888889,160.31,31.41,514,0.4481521739130434,158.91,160.74,159.99285714285716,0.7706861506907,155.36,159.29,156.97285714285712,1.5929502428508096
2017-01-04,162.01,39.23,488,0.698888888888889,158.04,39.23,488,0.698888888888889,158.04,160.74,159.77714285714288,1.0689202384648255,155.36,159.55,157.24714285714285,1.866732566866126
2017-01-05,161.22,39.23,488,0.698888888888889,162.01,39.23,488,0.698888888888889,158.04,162.01,160.22,1.2725564820507578,155.36,159.55,157.73285714285717,1.7797070384941127
2017-01-06,164.47,39.23,488,0.698888888888889,161.22,39.23,488,0.698888888888889,158.04,162.01,160.31,1.3243111416919497,155.36,160.59,158.41571428571427,1.8351190437599827
2017-01-09,164.12,39.23,488,0.698888888888889,164.47,39.23,488,0.698888888888889,158.04,164.47,160.84999999999997,2.0673171019487193,156.48,160.69,159.17714285714285,1.4131845159778191
2017-01-10,167.01,39.23,488,0.698888888888889,164.12,39.23,488,0.698888888888889,158.04,164.47,161.5585714285714,2.234766420096495,158.73,160.69,159.55999999999997,0.7833900688731837
2017-01-11,167.12,39.23,488,0.698888888888889,167.01,39.23,488,0.698888888888889,158.04,167.01,162.4542857142857,2.9832021785500227,158.73,160.74,159.76714285714283,0.8851876314467804
2017-01-12,166.81,39.23,488,0.698888888888889,167.12,39.23,488,0.698888888888889,158.04,167.12,163.42714285714285,3.2645250511421535,158.91,160.74,159.99285714285716,0.7706861506907
2017-01-13,168.49,39.23,488,0.698888888888889,166.81,39.23,488,0.698888888888889,161.22,167.12,164.68,2.428222944187414,158.04,160.74,159.77714285714288,1.0689202384648255
2017-01-17,166.29,39.23,488,0.698888888888889,168.49,39.23,488,0.698888888888889,161.22,168.49,165.6057142857143,2.4754181945900045,158.04,162.01,160.22,1.2725564820507578
2017-01-18,165.55,39.23,488,0.698888888888889,166.29,39.23,488,0.698888888888889,164.12,168.49,166.32999999999998,1.545304716448838,158.04,162.01,160.31,1.3243111416919497
2017-01-19,165.16,39.23,488,0.698888888888889,165.55,39.23,488,0.698888888888889,164.12,168.49,166.48428571428573,1.3729512875945993,158.04,164.47,160.84999999999997,2.0673171019487193
2017-01-20,164.55,39.23,488,0.698888888888889,165.16,39.23,488,0.698888888888889,165.16,168.49,166.63285714285715,1.1044865215125925,158.04,164.47,161.5585714285714,2.234766420096495
2017-01-23,162.87,39.23,488,0.698888888888889,164.55,39.23,488,0.698888888888889,164.55,168.49,166.28142857142856,1.3323466587416195,158.04,167.01,162.4542857142857,2.9832021785500227
2017-01-24,163.68,39.23,488,0.698888888888889,162.87,39.23,488,0.698888888888889,162.87,168.49,165.67428571428573,1.779755199863343,158.04,167.12,163.42714285714285,3.2645250511421535
2017-01-25,165.64,39.23,488,0.698888888888889,163.68,39.23,488,0.698888888888889,162.87,168.49,165.22714285714287,1.8390642030307027,161.22,167.12,164.68,2.428222944187414
2017-01-26,163.79,39.23,488,0.698888888888889,165.64,39.23,488,0.698888888888889,162.87,166.29,164.82,1.201166100092567,161.22,168.49,165.6057142857143,2.4754181945900045
2017-01-27,165.32,39.23,488,0.698888888888889,163.79,39.23,488,0.698888888888889,162.87,165.64,164.46285714285713,1.0538771953451525,164.12,168.49,166.32999999999998,1.545304716448838
2017-01-30,164.7,39.23,488,0.698888888888889,165.32,39.23,488,0.698888888888889,162.87,165.64,164.43,1.0172839656055073,164.12,168.49,166.48428571428573,1.3729512875945993
2017-01-31,166.86,39.23,488,0.698888888888889,164.7,39.23,488,0.698888888888889,162.87,165.64,164.3642857142857,0.9763001099934747,165.16,168.49,166.63285714285715,1.1044865215125925
2017-02-01,166.9,39.23,488,0.698888888888889,166.86,39.23,488,0.698888888888889,162.87,166.86,164.6942857142857,1.3632541600059174,164.55,168.49,166.28142857142856,1.3323466587416195
2017-02-02,168.22,39.23,488,0.698888888888889,166.9,39.23,488,0.698888888888889,163.68,166.9,165.26999999999998,1.3145214591928382,162.87,168.49,165.67428571428573,1.779755199863343
2017-02-03,169.96,39.23,488,0.698888888888889,168.22,39.23,488,0.698888888888889,163.79,168.22,165.9185714285714,1.5054172021048038,162.87,168.49,165.22714285714287,1.8390642030307027
2017-02-06,169.24,39.23,488,0.698888888888889,169.96,39.23,488,0.698888888888889,163.79,169.96,166.53571428571428,2.1286604327857503,162.87,166.29,164.82,1.201166100092567
2017-02-07,171.33,39.23,488,0.698888888888889,169.24,39.23,488,0.698888888888889,164.7,169.96,167.31428571428572,1.9458576270566725,162.87,165.64,164.46285714285713,1.0538771953451525
2017-02-08,171.13,39.23,488,0.698888888888889,171.33,39.23,488,0.698888888888889,164.7,171.33,168.17285714285714,2.2251195794541565,162.87,165.64,164.43,1.0172839656055073
2017-02-09,171.99,39.23,488,0.698888888888889,171.13,39.23,488,0.698888888888889,166.86,171.33,169.0914285714286,1.8477231806724745,162.87,165.64,164.3642857142857,0.9763001099934747
2017-02-10,172.0,39.23,488,0.698888888888889,171.99,39.23,488,0.698888888888889,166.9,171.99,169.8242857142857,1.8324560671702346,162.87,166.86,164.6942857142857,1.3632541600059174
2017-02-13,174.89,39.23,488,0.698888888888889,172.0,39.23,488,0.698888888888889,168.22,172.0,170.55285714285716,1.4499392433953484,163.68,166.9,165.26999999999998,1.3145214591928382
2017-02-14,175.98,39.23,488,0.698888888888889,174.89,39.23,488,0.698888888888889,169.24,174.89,171.50571428571428,1.8086353708739487,163.79,168.22,165.9185714285714,1.5054172021048038
2017-02-15,176.11,39.23,488,0.698888888888889,175.98,39.23,488,0.698888888888889,169.24,175.98,172.3657142857143,2.3122777885546917,163.79,169.96,166.53571428571428,2.1286604327857503
2017-02-16,177.12,39.23,488,0.698888888888889,176.11,39.23,488,0.698888888888889,171.13,176.11,173.34714285714284,2.220620891298746,164.7,169.96,167.31428571428572,1.9458576270566725
2017-02-17,178.98,39.23,488,0.698888888888889,177.12,39.23,488,0.698888888888889,171.13,177.12,174.17428571428573,2.4139653210939658,164.7,171.33,168.17285714285714,2.2251195794541565
2017-02-21,183.56,39.23,488,0.698888888888889,178.98,39.23,488,0.698888888888889,171.99,178.98,175.29571428571427,2.581581279909306,166.86,171.33,169.0914285714286,1.8477231806724745
2017-02-22,183.05,39.23,488,0.698888888888889,183.56,39.23,488,0.698888888888889,172.0,183.56,176.9485714285714,3.6109667614640397,166.9,171.99,169.8242857142857,1.8324560671702346
2017-02-23,182.96,39.23,488,0.698888888888889,183.05,39.23,488,0.698888888888889,174.89,183.56,178.52714285714282,3.5007223744357634,168.22,172.0,170.55285714285716,1.4499392433953484
2017-02-24,188.8,39.23,488,0.698888888888889,182.96,39.23,488,0.698888888888889,175.98,183.56,179.68,3.4314282740600346,169.24,174.89,171.50571428571428,1.8086353708739487
2017-02-27,191.81,39.23,488,0.698888888888889,188.8,39.23,488,0.698888888888889,176.11,188.8,181.51142857142855,4.40934019467772,169.24,175.98,172.3657142857143,2.3122777885546917
2017-02-28,190.19,39.23,488,0.698888888888889,191.81,39.23,488,0.698888888888889,177.12,191.81,183.75428571428571,5.136892241889323,171.13,176.11,173.34714285714284,2.220620891298746
2017-03-01,194.31,39.23,488,0.698888888888889,190.19,39.23,488,0.698888888888889,178.98,191.81,185.62142857142857,4.678445000111622,171.13,177.12,174.17428571428573,2.4139653210939658
2017-03-02,193.33,39.23,488,0.698888888888889,194.31,39.23,488,0.698888888888889,182.96,194.31,187.8114285714286,4.63927231568385,171.99,178.98,175.29571428571427,2.581581279909306
2017-03-03,193.69,39.23,488,0.698888888888889,193.33,39.23,488,0.698888888888889,182.96,194.31,189.20714285714286,4.6166536014968935,172.0,183.56,176.9485714285714,3.6109667614640397
2017-03-06,192.35,39.23,488,0.698888888888889,193.69,39.23,488,0.698888888888889,182.96,194.31,190.72714285714287,3.9558762800271867,174.89,183.56,178.52714285714282,3.5007223744357634
2017-03-07,191.47,39.23,488,0.698888888888889,192.35,39.23,488,0.698888888888889,188.8,194.31,192.06857142857143,1.9833845531665235,175.98,183.56,179.68,3.4314282740600346
2017-03-08,191.05,39.23,488,0.698888888888889,191.47,39.23,488,0.698888888888889,190.19,194.31,192.45,1.4294054708253707,176.11,188.8,181.51142857142855,4.40934019467772
2017-03-09,193.16,39.23,488,0.698888888888889,191.05,39.23,488,0.698888888888889,190.19,194.31,192.34142857142857,1.5125632611805215,177.12,191.81,183.75428571428571,5.136892241889323
2017-03-10,192.93,39.23,488,0.698888888888889,193.16,39.23,488,0.698888888888889,191.05,194.31,192.76571428571427,1.1908240444278766,178.98,191.81,185.62142857142857,4.678445000111622
2017-03-13,194.93,39.23,488,0.698888888888889,192.93,39.23,488,0.698888888888889,191.05,193.69,192.56857142857143,0.9898220138354058,182.96,194.31,187.8114285714286,4.63927231568385
2017-03-14,193.45,39.23,488,0.698888888888889,194.93,39.23,488,0.698888888888889,191.05,194.93,192.79714285714286,1.3234640693584483,182.96,194.31,189.20714285714286,4.6166536014968935
2017-03-15,196.43,39.23,488,0.698888888888889,193.45,39.23,488,0.698888888888889,191.05,194.93,192.76285714285714,1.2993679782428087,182.96,194.31,190.72714285714287,3.9558762800271867
2017-03-16,194.61,39.23,488,0.698888888888889,196.43,39.23,488,0.698888888888889,191.05,196.43,193.3457142857143,1.8721454461271316,188.8,194.31,192.06857142857143,1.9833845531665235
2017-03-17,195.45,39.23,488,0.698888888888889,194.61,39.23,488,0.698888888888889,191.05,196.43,193.7942857142857,1.7176132388059486,190.19,194.31,192.45,1.4294054708253707
2017-03-20,194.79,39.23,488,0.698888888888889,195.45,39.23,488,0.698888888888889,192.93,196.43,194.42285714285714,1.3003680797695962,190.19,194.31,192.34142857142857,1.5125632611805215
2017-03-21,192.81,39.23,488,0.698888888888889,194.79,39.23,488,0.698888888888889,192.93,196.43,194.65571428571428,1.1765890976838669,191.05,194.31,192.76571428571427,1.1908240444278766
2017-03-22,194.09,39.23,488,0.698888888888889,192.81,39.23,488,0.698888888888889,192.81,196.43,194.63857142857142,1.2064193379891774,191.05,193.69,192.56857142857143,0.9898220138354058
2017-03-23,194.13,39.23,488,0.698888888888889,194.09,39.23,488,0.698888888888889,192.81,196.43,194.51857142857142,1.214350698552187,191.05,194.93,192.79714285714286,1.3234640693584483
2017-03-24,194.21,39.23,488,0.698888888888889,194.13,39.23,488,0.698888888888889,192.81,196.43,194.6157142857143,1.1395153522975667,191.05,194.93,192.76285714285714,1.2993679782428087
2017-03-27,194.47,39.23,488,0.698888888888889,194.21,39.23,488,0.698888888888889,192.81,195.45,194.29857142857142,0.8123921173961579,191.05,196.43,193.3457142857143,1.8721454461271316
2017-03-28,194.22,39.23,488,0.698888888888889,194.47,39.23,488,0.698888888888889,192.81,195.45,194.27857142857144,0.8051382608434828,191.05,196.43,193.7942857142857,1.7176132388059486
2017-03-29,194.0,39.23,488,0.698888888888889,194.22,39.23,488,0.698888888888889,192.81,194.79,194.10285714285715,0.6197503337771127,192.93,196.43,194.42285714285714,1.3003680797695962
2017-03-30,193.92,39.23,488,0.698888888888889,194.0,39.23,488,0.698888888888889,192.81,194.47,193.99,0.540647759660861,192.93,196.43,194.65571428571428,1.1765890976838669
2017-03-31,193.07,39.23,488,0.698888888888889,193.92,39.23,488,0.698888888888889,193.92,194.47,194.14857142857142,0.17808505198552377,192.81,196.43,194.63857142857142,1.2064193379891774
2017-04-03,193.07,38.84,529,0.9473626373626376,193.07,39.23,488,0.698888888888889,193.07,194.47,194.00285714285715,0.4475009976340417,192.81,196.43,194.51857142857142,1.214350698552187
2017-04-04,192.27,38.84,529,0.9473626373626376,193.07,38.84,529,0.9473626373626376,193.07,194.47,193.85142857142856,0.5620032198073719,192.81,196.43,194.6157142857143,1.1395153522975667
2017-04-05,191.84,38.84,529,0.9473626373626376,192.27,38.84,529,0.9473626373626376,192.27,194.47,193.5742857142857,0.7884342530957384,192.81,195.45,194.29857142857142,0.8123921173961579
2017-04-06,193.34,38.84,529,0.9473626373626376,191.84,38.84,529,0.9473626373626376,191.84,194.22,193.19857142857146,0.9080276899633186,192.81,195.45,194.27857142857144,0.8051382608434828
2017-04-07,193.26,38.84,529,0.9473626373626376,193.34,38.84,529,0.9473626373626376,191.84,194.0,193.07285714285715,0.7971974721168955,192.81,194.79,194.10285714285715,0.6197503337771127
2017-04-10,193.35,38.84,529,0.9473626373626376,193.26,38.84,529,0.9473626373626376,191.84,193.92,192.96714285714285,0.6964604388497879,192.81,194.47,193.99,0.540647759660861
2017-04-11,196.19,38.84,529,0.9473626373626376,193.35,38.84,529,0.9473626373626376,191.84,193.35,192.88571428571427,0.5919700764854765,193.92,194.47,194.14857142857142,0.17808505198552377
2017-04-12,195.55,38.84,529,0.9473626373626376,196.19,38.84,529,0.9473626373626376,191.84,196.19,193.33142857142857,1.3902209485330825,193.07,194.47,194.00285714285715,0.4475009976340417
2017-04-13,194.52,38.84,529,0.9473626373626376,195.55,38.84,529,0.9473626373626376,191.84,196.19,193.6857142857143,1.6109713130452559,193.07,194.47,193.85142857142856,0.5620032198073719
2017-04-17,196.57,38.84,529,0.9473626373626376,194.52,38.84,529,0.9473626373626376,191.84,196.19,194.0071428571429,1.502217408660792,192.27,194.47,193.5742857142857,0.7884342530957384
2017-04-18,196.58,38.84,529,0.9473626373626376,196.57,38.84,529,0.9473626373626376,193.26,196.57,194.68285714285713,1.4268580201094505,191.84,194.22,193.19857142857146,0.9080276899633186
2017-04-19,197.94,38.84,529,0.9473626373626376,196.58,38.84,529,0.9473626373626376,193.26,196.58,195.1457142857143,1.4440551368013657,191.84,194.0,193.07285714285715,0.7971974721168955
2017-04-20,198.91,38.84,529,0.9473626373626376,197.94,38.84,529,0.9473626373626376,193.35,197.94,195.81428571428572,1.5074797637523512,191.84,193.92,192.96714285714285,0.6964604388497879
2017-04-21,198.84,38.84,529,0.9473626373626376,198.91,38.84,529,0.9473626373626376,194.52,198.91,196.60857142857142,1.4565647779652835,191.84,193.35,192.88571428571427,0.5919700764854765
2017-04-24,201.01,38.84,529,0.9473626373626376,198.84,38.84,529,0.9473626373626376,194.52,198.91,196.98714285714286,1.6598364807671497,191.84,196.19,193.33142857142857,1.3902209485330825
2017-04-25,201.11,38.84,529,0.9473626373626376,201.01,38.84,529,0.9473626373626376,194.52,201.01,197.7671428571429,2.097202217928908,191.84,196.19,193.6857142857143,1.6109713130452559
2017-04-26,202.5,38.84,529,0.9473626373626376,201.11,38.84,529,0.9473626373626376,196.57,201.11,198.70857142857145,1.8626274325292058,191.84,196.19,194.0071428571429,1.502217408660792
2017-04-27,205.76,38.84,529,0.9473626373626376,202.5,38.84,529,0.9473626373626376,196.58,202.5,199.55571428571426,2.0653559591811677,193.26,196.57,194.68285714285713,1.4268580201094505
2017-04-28,206.19,38.84,529,0.9473626373626376,205.76,38.84,529,0.9473626373626376,197.94,205.76,200.86714285714288,2.6830810292562175,193.26,196.58,195.1457142857143,1.4440551368013657
2017-05-01,209.59,38.84,529,0.9473626373626376,206.19,38.84,529,0.9473626373626376,198.84,206.19,202.04571428571427,2.9786734023935537,193.35,197.94,195.81428571428572,1.5074797637523512
2017-05-02,209.65,38.84,529,0.9473626373626376,209.59,38.84,529,0.9473626373626376,198.84,209.59,203.57142857142858,3.742189326104904,194.52,198.91,196.60857142857142,1.4565647779652835
2017-05-03,208.75,38.84,529,0.9473626373626376,209.65,38.84,529,0.9473626373626376,201.01,209.65,205.1157142857143,3.694427592757609,194.52,198.91,196.98714285714286,1.6598364807671497
2017-05-04,202.14,38.84,529,0.9473626373626376,208.75,38.84,529,0.9473626373626376,201.11,209.65,206.22142857142856,3.407973144321301,194.52,201.01,197.7671428571429,2.097202217928908
2017-05-05,199.66,38.84,529,0.9473626373626376,202.14,38.84,529,0.9473626373626376,202.14,209.65,206.36857142857144,3.164002889655553,196.57,201.11,198.70857142857145,1.8626274325292058
2017-05-08,194.33,38.84,529,0.9473626373626376,199.66,38.84,529,0.9473626373626376,199.66,209.65,205.9628571428571,3.850375368223806,196.58,202.5,199.55571428571426,2.0653559591811677
2017-05-09,193.74,38.84,529,0.9473626373626376,194.33,38.84,529,0.9473626373626376,194.33,209.65,204.33,5.85336085794873,197.94,205.76,200.86714285714288,2.6830810292562175
2017-05-10,194.49,38.84,529,0.9473626373626376,193.74,38.84,529,0.9473626373626376,193.74,209.65,202.5514285714286,6.977538793806831,198.84,206.19,202.04571428571427,2.9786734023935537
2017-05-11,193.22,38.84,529,0.9473626373626376,194.49,38.84,529,0.9473626373626376,193.74,209.65,200.3942857142857,6.7698913264142275,198.84,209.59,203.57142857142858,3.742189326104904
2017-05-12,192.8,38.84,529,0.9473626373626376,193.22,38.84,529,0.9473626373626376,193.22,208.75,198.0471428571429,5.805559732665925,201.01,209.65,205.1157142857143,3.694427592757609
2017-05-15,194.11,38.84,529,0.9473626373626376,192.8,38.84,529,0.9473626373626376,192.8,202.14,195.76857142857145,3.625495040093269,201.11,209.65,206.22142857142856,3.407973144321301
2017-05-16,193.63,38.84,529,0.9473626373626376,194.11,38.84,529,0.9473626373626376,192.8,199.66,194.62142857142857,2.30251622196388,202.14,209.65,206.36857142857144,3.164002889655553
2017-05-17,192.74,38.84,529,0.9473626373626376,193.63,38.84,529,0.9473626373626376,192.8,194.49,193.76000000000002,0.607014552290103,199.66,209.65,205.9628571428571,3.850375368223806
2017-05-18,193.18,38.84,529,0.9473626373626376,192.74,38.84,529,0.9473626373626376,192.74,194.49,193.53285714285715,0.6538530488947295,194.33,209.65,204.33,5.85336085794873
2017-05-19,196.26,38.84,529,0.9473626373626376,193.18,38.84,529,0.9473626373626376,192.74,194.49,193.45285714285714,0.6585264936828366,193.74,209.65,202.5514285714286,6.977538793806831
2017-05-22,198.47,38.84,529,0.9473626373626376,196.26,38.84,529,0.9473626373626376,192.74,196.26,193.7057142857143,1.2219364023769026,193.74,209.65,200.3942857142857,6.7698913264142275
2017-05-23,199.33,38.84,529,0.9473626373626376,198.47,38.84,529,0.9473626373626376,192.74,198.47,194.4557142857143,2.140240306940866,193.22,208.75,198.0471428571429,5.805559732665925
2017-05-24,199.84,38.84,529,0.9473626373626376,199.33,38.84,529,0.9473626373626376,192.74,199.33,195.38857142857142,2.6586176143014724,192.8,202.14,195.76857142857145,3.625495040093269
2017-05-25,200.99,38.84,529,0.9473626373626376,199.84,38.84,529,0.9473626373626376,192.74,199.84,196.20714285714286,3.0523090400903836,192.8,199.66,194.62142857142857,2.30251622196388
2017-05-26,200.87,38.84,529,0.9473626373626376,200.99,38.84,529,0.9473626373626376,192.74,200.99,197.25857142857143,3.276051630506147,192.8,194.49,193.76000000000002,0.607014552290103
2017-05-30,200.42,38.84,529,0.9473626373626376,200.87,38.84,529,0.9473626373626376,193.18,200.99,198.42000000000002,2.815954545092742,192.74,194.49,193.53285714285715,0.6538530488947295
2017-05-31,199.69,38.84,529,0.9473626373626376,200.42,38.84,529,0.9473626373626376,196.26,200.99,199.4542857142857,1.6649209905551203,192.74,194.49,193.45285714285714,0.6585264936828366
2017-06-01,203.8,38.84,529,0.9473626373626376,199.69,38.84,529,0.9473626373626376,198.47,200.99,199.9442857142857,0.8947226226367588,192.74,196.26,193.7057142857143,1.2219364023769026
2017-06-02,206.67,38.84,529,0.9473626373626376,203.8,38.84,529,0.9473626373626376,199.33,203.8,200.70571428571427,1.4965388639986779,192.74,198.47,194.4557142857143,2.140240306940866
2017-06-05,204.73,38.84,529,0.9473626373626376,206.67,38.84,529,0.9473626373626376,199.69,206.67,201.75428571428571,2.563245710317106,192.74,199.33,195.38857142857142,2.6586176143014724
2017-06-06,203.14,38.84,529,0.9473626373626376,204.73,38.84,529,0.9473626373626376,199.69,206.67,202.45285714285714,2.6202971478227473,192.74,199.84,196.20714285714286,3.0523090400903836
2017-06-07,205.73,38.84,529,0.9473626373626376,203.14,38.84,529,0.9473626373626376,199.69,206.67,202.76,2.5451784482358795,192.74,200.99,197.25857142857143,3.276051630506147
2017-06-08,203.67,38.84,529,0.9473626373626376,205.73,38.84,529,0.9473626373626376,199.69,206.67,203.4542857142857,2.6058322863901635,193.18,200.99,198.42000000000002,2.815954545092742
2017-06-09,199.67,38.84,529,0.9473626373626376,203.67,38.84,529,0.9473626373626376,199.69,206.67,203.91857142857143,2.2387826198805847,196.26,200.99,199.4542857142857,1.6649209905551203
2017-06-12,199.97,38.84,529,0.9473626373626376,199.67,38.84,529,0.9473626373626376,199.67,206.67,203.91571428571427,2.2450824568658945,198.47,200.99,199.9442857142857,0.8947226226367588
2017-06-13,201.57,38.84,529,0.9473626373626376,199.97,38.84,529,0.9473626373626376,199.67,206.67,203.3685714285714,2.6988295523082546,199.33,203.8,200.70571428571427,1.4965388639986779
2017-06-14,201.1,38.84,529,0.9473626373626376,201.57,38.84,529,0.9473626373626376,199.67,205.73,202.64000000000001,2.320983986738738,199.69,206.67,201.75428571428571,2.563245710317106
2017-06-15,199.53,38.84,529,0.9473626373626376,201.1,38.84,529,0.9473626373626376,199.67,205.73,202.12142857142857,2.177264557285496,199.69,206.67,202.45285714285714,2.6202971478227473
2017-06-16,200.5,38.84,529,0.9473626373626376,199.53,38.84,529,0.9473626373626376,199.53,205.73,201.6057142857143,2.318734260638527,199.69,206.67,202.76,2.5451784482358795
2017-06-19,203.07,38.84,529,0.9473626373626376,200.5,38.84,529,0.9473626373626376,199.53,203.67,200.85857142857142,1.4470939680652435,199.69,206.67,203.4542857142857,2.6058322863901635
2017-06-20,203.18,38.84,529,0.9473626373626376,203.07,38.84,529,0.9473626373626376,199.53,203.07,200.77285714285713,1.2582622181221292,199.69,206.67,203.91857142857143,2.2387826198805847
2017-06-21,203.11,38.84,529,0.9473626373626376,203.18,38.84,529,0.9473626373626376,199.53,203.18,201.2742857142857,1.4327928106063972,199.67,206.67,203.91571428571427,2.2450824568658945
2017-06-22,204.01,38.84,529,0.9473626373626376,203.11,38.84,529,0.9473626373626376,199.53,203.18,201.72285714285718,1.4478456902887071,199.67,206.67,203.3685714285714,2.6988295523082546
2017-06-23,205.77,38.84,529,0.9473626373626376,204.01,38.84,529,0.9473626373626376,199.53,204.01,202.07142857142858,1.6800141722849458,199.67,205.73,202.64000000000001,2.320983986738738
2017-06-26,207.12,38.84,529,0.9473626373626376,205.77,38.84,529,0.9473626373626376,199.53,205.77,202.73857142857145,2.1037619365663436,199.67,205.73,202.12142857142857,2.177264557285496
2017-06-27,205.39,38.84,529,0.9473626373626376,207.12,38.84,529,0.9473626373626376,200.5,207.12,203.82285714285715,2.1302246695803935,199.53,205.73,201.6057142857143,2.318734260638527
2017-06-28,206.97,38.84,529,0.9473626373626376,205.39,38.84,529,0.9473626373626376,203.07,207.12,204.52142857142857,1.592989104089052,199.53,203.67,200.85857142857142,1.4470939680652435
2017-06-29,205.41,38.84,529,0.9473626373626376,206.97,38.84,529,0.9473626373626376,203.11,207.12,205.07857142857145,1.6803613557050072,199.53,203.07,200.77285714285713,1.2582622181221292
2017-06-30,207.41,38.84,529,0.9473626373626376,205.41,38.84,529,0.9473626373626376,203.11,207.12,205.39714285714285,1.4569684769719027,199.53,203.18,201.2742857142857,1.4327928106063972
2017-07-03,206.59,43.25,535,1.1536956521739128,207.41,38.84,529,0.9473626373626376,204.01,207.41,206.01142857142855,1.2189945115055654,199.53,203.18,201.72285714285718,1.4478456902887071
2017-07-05,207.44,43.25,535,1.1536956521739128,206.59,43.25,535,1.1536956521739128,205.39,207.41,206.37999999999997,0.8459511412408126,199.53,204.01,202.07142857142858,1.6800141722849458
2017-07-06,204.4,43.25,535,1.1536956521739128,207.44,43.25,535,1.1536956521739128,205.39,207.44,206.6185714285714,0.8800459944880119,199.53,205.77,202.73857142857145,2.1037619365663436
2017-07-07,211.05,43.25,535,1.1536956521739128,204.4,43.25,535,1.1536956521739128,204.4,207.44,206.23000000000002,1.1733570073510806,200.5,207.12,203.82285714285715,2.1302246695803935
2017-07-10,208.13,43.25,535,1.1536956521739128,211.05,43.25,535,1.1536956521739128,204.4,211.05,207.03857142857143,2.0900911349543168,203.07,207.12,204.52142857142857,1.592989104089052
2017-07-11,207.23,43.25,535,1.1536956521739128,208.13,43.25,535,1.1536956521739128,204.4,211.05,207.2042857142857,2.1293649847146914,203.11,207.12,205.07857142857145,1.6803613557050072
2017-07-12,208.36,43.25,535,1.1536956521739128,207.23,43.25,535,1.1536956521739128,204.4,211.05,207.46428571428572,1.9796115540165478,203.11,207.12,205.39714285714285,1.4569684769719027
2017-07-13,208.88,43.25,535,1.1536956521739128,208.36,43.25,535,1.1536956521739128,204.4,211.05,207.6,2.0076354250794606,204.01,207.41,206.01142857142855,1.2189945115055654
2017-07-14,210.74,43.25,535,1.1536956521739128,208.88,43.25,535,1.1536956521739128,204.4,211.05,207.92714285714285,2.0021964129986447,205.39,207.41,206.37999999999997,0.8459511412408126
2017-07-17,210.66,43.25,535,1.1536956521739128,210.74,43.25,535,1.1536956521739128,204.4,211.05,208.39857142857142,2.242464630508591,205.39,207.44,206.6185714285714,0.8800459944880119
2017-07-18,210.42,43.25,535,1.1536956521739128,210.66,43.25,535,1.1536956521739128,207.23,211.05,209.29285714285714,1.5110229899724728,204.4,207.44,206.23000000000002,1.1733570073510806
2017-07-19,211.54,43.25,535,1.1536956521739128,210.42,43.25,535,1.1536956521739128,207.23,210.74,209.20285714285714,1.4038840679433944,204.4,211.05,207.03857142857143,2.0900911349543168
2017-07-20,212.22,43.25,535,1.1536956521739128,211.54,43.25,535,1.1536956521739128,207.23,211.54,209.69000000000003,1.553243917323269,204.4,211.05,207.2042857142857,2.1293649847146914
2017-07-21,210.82,43.25,535,1.1536956521739128,212.22,43.25,535,1.1536956521739128,208.36,212.22,210.40285714285716,1.3703736021827182,204.4,211.05,207.46428571428572,1.9796115540165478
2017-07-24,213.87,43.25,535,1.1536956521739128,210.82,43.25,535,1.1536956521739128,208.88,212.22,210.75428571428571,1.0330998200226598,204.4,211.05,207.6,2.0076354250794606
2017-07-25,215.23,43.25,535,1.1536956521739128,213.87,43.25,535,1.1536956521739128,210.42,213.87,211.46714285714285,1.2275546734164051,204.4,211.05,207.92714285714285,2.0021964129986447
2017-07-26,211.68,43.25,535,1.1536956521739128,215.23,43.25,535,1.1536956521739128,210.42,215.23,212.10857142857142,1.816208767116427,204.4,211.05,208.39857142857142,2.242464630508591
2017-07-27,210.07,43.25,535,1.1536956521739128,211.68,43.25,535,1.1536956521739128,210.42,215.23,212.25428571428571,1.7189323929302522,207.23,211.05,209.29285714285714,1.5110229899724728
2017-07-28,209.75,43.25,535,1.1536956521739128,210.07,43.25,535,1.1536956521739128,210.07,215.23,212.20428571428573,1.785001000410057,207.23,210.74,209.20285714285714,1.4038840679433944
2017-07-31,206.87,43.25,535,1.1536956521739128,209.75,43.25,535,1.1536956521739128,209.75,215.23,211.9485714285714,2.010053304206263,207.23,211.54,209.69000000000003,1.553243917323269
2017-08-01,204.08,43.25,535,1.1536956521739128,206.87,43.25,535,1.1536956521739128,206.87,215.23,211.18428571428575,2.764994618101664,208.36,212.22,210.40285714285716,1.3703736021827182
2017-08-02,202.67,43.25,535,1.1536956521739128,204.08,43.25,535,1.1536956521739128,204.08,215.23,210.22142857142856,3.8669472394146385,208.88,212.22,210.75428571428571,1.0330998200226598
2017-08-03,216.52,43.25,535,1.1536956521739128,202.67,43.25,535,1.1536956521739128,202.67,215.23,208.6214285714286,4.387704139875724,210.42,213.87,211.46714285714285,1.2275546734164051
2017-08-04,213.9,43.25,535,1.1536956521739128,216.52,43.25,535,1.1536956521739128,202.67,216.52,208.8057142857143,4.725607040878131,210.42,215.23,212.10857142857142,1.816208767116427
2017-08-07,214.24,43.25,535,1.1536956521739128,213.9,43.25,535,1.1536956521739128,202.67,216.52,209.12285714285713,5.016212762256567,210.42,215.23,212.25428571428571,1.7189323929302522
2017-08-08,212.64,43.25,535,1.1536956521739128,214.24,43.25,535,1.1536956521739128,202.67,216.52,209.71857142857144,5.381732771058318,210.07,215.23,212.20428571428573,1.785001000410057
2017-08-09,210.25,43.25,535,1.1536956521739128,212.64,43.25,535,1.1536956521739128,202.67,216.52,210.1314285714286,5.494222506635176,209.75,215.23,211.9485714285714,2.010053304206263
2017-08-10,203.66,43.25,535,1.1536956521739128,210.25,43.25,535,1.1536956521739128,202.67,216.52,210.6142857142857,5.3050914448415485,206.87,215.23,211.18428571428575,2.764994618101664
2017-08-11,205.34,43.25,535,1.1536956521739128,203.66,43.25,535,1.1536956521739128,202.67,216.52,210.55428571428573,5.392957930313475,204.08,215.23,210.22142857142856,3.8669472394146385
2017-08-14,208.89,43.25,535,1.1536956521739128,205.34,43.25,535,1.1536956521739128,203.66,216.52,210.93571428571428,4.804726343729795,202.67,215.23,208.6214285714286,4.387704139875724
2017-08-15,208.9,43.25,535,1.1536956521739128,208.89,43.25,535,1.1536956521739128,203.66,214.24,209.84571428571425,4.1472153595069825,202.67,216.52,208.8057142857143,4.725607040878131
2017-08-16,214.79,43.25,535,1.1536956521739128,208.9,43.25,535,1.1536956521739128,203.66,214.24,209.1314285714286,3.743485134525852,202.67,216.52,209.12285714285713,5.016212762256567
2017-08-17,211.9,43.25,535,1.1536956521739128,214.79,43.25,535,1.1536956521739128,203.66,214.79,209.21,3.872139804643133,202.67,216.52,209.71857142857144,5.381732771058318
2017-08-18,210.66,43.25,535,1.1536956521739128,211.9,43.25,535,1.1536956521739128,203.66,214.79,209.1042857142857,3.7716877616610356,202.67,216.52,210.1314285714286,5.494222506635176
2017-08-21,211.77,43.25,535,1.1536956521739128,210.66,43.25,535,1.1536956521739128,203.66,214.79,209.16285714285712,3.795553162525706,202.67,216.52,210.6142857142857,5.3050914448415485
2017-08-22,213.0,43.25,535,1.1536956521739128,211.77,43.25,535,1.1536956521739128,205.34,214.79,210.32142857142858,2.987671493390206,202.67,216.52,210.55428571428573,5.392957930313475
2017-08-23,207.63,43.25,535,1.1536956521739128,213.0,43.25,535,1.1536956521739128,208.89,214.79,211.41571428571427,2.1422329249635386,203.66,216.52,210.93571428571428,4.804726343729795
2017-08-24,207.67,43.25,535,1.1536956521739128,207.63,43.25,535,1.1536956521739128,207.63,214.79,211.2357142857143,2.4242033546709236,203.66,214.24,209.84571428571425,4.1472153595069825
2017-08-25,207.01,43.25,535,1.1536956521739128,207.67,43.25,535,1.1536956521739128,207.63,214.79,211.06,2.655284040054686,203.66,214.24,209.1314285714286,3.743485134525852
2017-08-28,207.38,43.25,535,1.1536956521739128,207.01,43.25,535,1.1536956521739128,207.01,213.0,209.94857142857146,2.454447857614756,203.66,214.79,209.21,3.872139804643133
2017-08-29,205.61,43.25,535,1.1536956521739128,207.38,43.25,535,1.1536956521739128,207.01,213.0,209.30285714285714,2.450059280145196,203.66,214.79,209.1042857142857,3.7716877616610356
2017-08-30,207.58,43.25,535,1.1536956521739128,205.61,43.25,535,1.1536956521739128,205.61,213.0,208.5814285714286,2.7132049226727717,203.66,214.79,209.16285714285712,3.795553162525706
2017-08-31,211.75,43.25,535,1.1536956521739128,207.58,43.25,535,1.1536956521739128,205.61,213.0,207.98285714285717,2.327256713291075,205.34,214.79,210.32142857142858,2.987671493390206
2017-09-01,210.51,43.25,535,1.1536956521739128,211.75,43.25,535,1.1536956521739128,205.61,211.75,207.80428571428573,1.8838423248234955,208.89,214.79,211.41571428571427,2.1422329249635386
2017-09-05,210.94,43.25,535,1.1536956521739128,210.51,43.25,535,1.1536956521739128,205.61,211.75,208.21571428571428,2.136928146849244,207.63,214.79,211.2357142857143,2.4242033546709236
2017-09-06,225.41,43.25,535,1.1536956521739128,210.94,43.25,535,1.1536956521739128,205.61,211.75,208.68285714285713,2.3450352825118195,207.63,214.79,211.06,2.655284040054686
2017-09-07,227.14,43.25,535,1.1536956521739128,225.41,43.25,535,1.1536956521739128,205.61,225.41,211.31142857142854,6.603386577033796,207.01,213.0,209.94857142857146,2.454447857614756
2017-09-08,232.75,43.25,535,1.1536956521739128,227.14,43.25,535,1.1536956521739128,205.61,227.14,214.1342857142857,8.572593650978611,207.01,213.0,209.30285714285714,2.450059280145196
2017-09-11,233.85,43.25,535,1.1536956521739128,232.75,43.25,535,1.1536956521739128,207.58,232.75,218.01142857142855,10.07961544996069,205.61,213.0,208.5814285714286,2.7132049226727717
2017-09-12,235.53,43.25,535,1.1536956521739128,233.85,43.25,535,1.1536956521739128,210.51,233.85,221.7642857142857,10.432720733576755,205.61,213.0,207.98285714285717,2.327256713291075
2017-09-13,233.97,43.25,535,1.1536956521739128,235.53,43.25,535,1.1536956521739128,210.51,235.53,225.16142857142856,10.49980067838225,205.61,211.75,207.80428571428573,1.8838423248234955
2017-09-14,234.3,43.25,535,1.1536956521739128,233.97,43.25,535,1.1536956521739128,210.94,235.53,228.51285714285714,8.619521862777585,205.61,211.75,208.21571428571428,2.136928146849244
2017-09-15,235.23,43.25,535,1.1536956521739128,234.3,43.25,535,1.1536956521739128,225.41,235.53,231.84999999999997,3.926554893717711,205.61,211.75,208.68285714285713,2.3450352825118195
2017-09-18,239.73,43.25,535,1.1536956521739128,235.23,43.25,535,1.1536956521739128,227.14,235.53,233.25285714285715,2.8484423479455656,205.61,225.41,211.31142857142854,6.603386577033796
2017-09-19,239.75,43.25,535,1.1536956521739128,239.73,43.25,535,1.1536956521739128,232.75,239.73,235.05142857142854,2.2592065611096706,205.61,227.14,214.1342857142857,8.572593650978611
2017-09-20,236.86,43.25,535,1.1536956521739128,239.75,43.25,535,1.1536956521739128,233.85,239.75,236.05142857142854,2.594997935598697,207.58,232.75,218.01142857142855,10.07961544996069
2017-09-21,237.06,43.25,535,1.1536956521739128,236.86,43.25,535,1.1536956521739128,233.97,239.75,236.48142857142858,2.4123738555818948,210.51,233.85,221.7642857142857,10.432720733576755
2017-09-22,241.77,43.25,535,1.1536956521739128,237.06,43.25,535,1.1536956521739128,233.97,239.75,236.70000000000002,2.380910190112361,210.51,235.53,225.16142857142856,10.49980067838225
2017-09-25,242.56,43.25,535,1.1536956521739128,241.77,43.25,535,1.1536956521739128,234.3,241.77,237.81428571428572,2.69483986626479,210.94,235.53,228.51285714285714,8.619521862777585
2017-09-26,240.78,43.25,535,1.1536956521739128,242.56,43.25,535,1.1536956521739128,235.23,242.56,238.99428571428572,2.7079442211409472,225.41,235.53,231.84999999999997,3.926554893717711
2017-09-27,241.23,43.25,535,1.1536956521739128,240.78,43.25,535,1.1536956521739128,236.86,242.56,239.7871428571429,2.183893421447029,227.14,235.53,233.25285714285715,2.8484423479455656
2017-09-28,240.49,43.25,535,1.1536956521739128,241.23,43.25,535,1.1536956521739128,236.86,242.56,240.00142857142856,2.2499439146558418,232.75,239.73,235.05142857142854,2.2592065611096706
2017-09-29,241.97,43.25,535,1.1536956521739128,240.49,43.25,535,1.1536956521739128,236.86,242.56,240.10714285714286,2.253543241854131,233.85,239.75,236.05142857142854,2.594997935598697
2017-10-02,244.72,74.63,595,1.2027777777777775,241.97,43.25,535,1.1536956521739128,237.06,242.56,240.83714285714285,1.8104669221612693,233.97,239.75,236.48142857142858,2.4123738555818948
2017-10-03,244.25,74.63,595,1.2027777777777775,244.72,74.63,595,1.2027777777777775,240.49,244.72,241.93142857142857,1.4197585307947087,233.97,239.75,236.70000000000002,2.380910190112361
2017-10-04,246.08,74.63,595,1.2027777777777775,244.25,74.63,595,1.2027777777777775,240.49,244.72,242.28571428571428,1.6615941857581933,234.3,241.77,237.81428571428572,2.69483986626479
2017-10-05,246.42,74.63,595,1.2027777777777775,246.08,74.63,595,1.2027777777777775,240.49,246.08,242.78857142857143,2.2029028467981346,235.23,242.56,238.99428571428572,2.7079442211409472
2017-10-06,246.05,74.63,595,1.2027777777777775,246.42,74.63,595,1.2027777777777775,240.49,246.42,243.5942857142857,2.3708427274169552,236.86,242.56,239.7871428571429,2.183893421447029
2017-10-09,243.62,74.63,595,1.2027777777777775,246.05,74.63,595,1.2027777777777775,240.49,246.42,244.28285714285715,2.2674193428303733,236.86,242.56,240.00142857142856,2.2499439146558418
2017-10-10,240.42,74.63,595,1.2027777777777775,243.62,74.63,595,1.2027777777777775,241.97,246.42,244.73000000000002,1.6073373427455504,236.86,242.56,240.10714285714286,2.253543241854131
2017-10-11,239.89,74.63,595,1.2027777777777775,240.42,74.63,595,1.2027777777777775,240.42,246.42,244.50857142857143,2.0863239487429976,237.06,242.56,240.83714285714285,1.8104669221612693
2017-10-12,240.03,74.63,595,1.2027777777777775,239.89,74.63,595,1.2027777777777775,239.89,246.42,243.81857142857143,2.7101748318325116,240.49,244.72,241.93142857142857,1.4197585307947087
2017-10-13,238.71,74.63,595,1.2027777777777775,240.03,74.63,595,1.2027777777777775,239.89,246.42,243.21571428571428,3.0466750026018743,240.49,244.72,242.28571428571428,1.6615941857581933
2017-10-16,239.03,74.63,595,1.2027777777777775,238.71,74.63,595,1.2027777777777775,238.71,246.42,242.16285714285712,3.163098240055258,240.49,246.08,242.78857142857143,2.2029028467981346
2017-10-17,240.76,74.63,595,1.2027777777777775,239.03,74.63,595,1.2027777777777775,238.71,246.05,241.10714285714286,2.705578892382742,240.49,246.42,243.5942857142857,2.3708427274169552
2017-10-18,240.64,74.63,595,1.2027777777777775,240.76,74.63,595,1.2027777777777775,238.71,243.62,240.35142857142858,1.613065699973365,240.49,246.42,244.28285714285715,2.2674193428303733
2017-10-19,241.99,74.63,595,1.2027777777777775,240.64,74.63,595,1.2027777777777775,238.71,240.76,239.9257142857143,0.7898281911137464,241.97,246.42,244.73000000000002,1.6073373427455504
2017-10-20,243.06,74.63,595,1.2027777777777775,241.99,74.63,595,1.2027777777777775,238.71,241.99,240.15,1.111140555187718,240.42,246.42,244.50857142857143,2.0863239487429976
2017-10-23,242.99,74.63,595,1.2027777777777775,243.06,74.63,595,1.2027777777777775,238.71,243.06,240.60285714285715,1.5477264431761948,239.89,246.42,243.81857142857143,2.7101748318325116
2017-10-24,241.26,74.63,595,1.2027777777777775,242.99,74.63,595,1.2027777777777775,238.71,243.06,241.0257142857143,1.7555327505190754,239.89,246.42,243.21571428571428,3.0466750026018743
2017-10-25,242.43,74.63,595,1.2027777777777775,241.26,74.63,595,1.2027777777777775,239.03,243.06,241.39000000000001,1.4291489309084027,238.71,246.42,242.16285714285712,3.163098240055258
2017-10-26,241.3,74.63,595,1.2027777777777775,242.43,74.63,595,1.2027777777777775,240.64,243.06,241.8757142857143,1.0095685075707879,238.71,246.05,241.10714285714286,2.705578892382742
2017-10-27,242.79,74.63,595,1.2027777777777775,241.3,74.63,595,1.2027777777777775,240.64,243.06,241.95285714285714,0.9273926584286183,238.71,243.62,240.35142857142858,1.613065699973365
2017-10-30,236.76,74.63,595,1.2027777777777775,242.79,74.63,595,1.2027777777777775,241.26,243.06,242.26,0.7612708672894161,238.71,240.76,239.9257142857143,0.7898281911137464
2017-10-31,236.98,74.63,595,1.2027777777777775,236.76,74.63,595,1.2027777777777775,236.76,243.06,241.51285714285714,2.226609637148043,238.71,241.99,240.15,1.111140555187718
2017-11-01,241.71,74.63,595,1.2027777777777775,236.98,74.63,595,1.2027777777777775,236.76,242.99,240.6442857142857,2.665175773717706,238.71,243.06,240.60285714285715,1.5477264431761948
2017-11-02,254.8,74.63,595,1.2027777777777775,241.71,74.63,595,1.2027777777777775,236.76,242.79,240.46142857142857,2.51721690611492,238.71,243.06,241.0257142857143,1.7555327505190754
2017-11-03,256.41,74.63,595,1.2027777777777775,254.8,74.63,595,1.2027777777777775,236.76,254.8,242.3957142857143,6.010892493754884,239.03,243.06,241.39000000000001,1.4291489309084027
2017-11-06,256.58,74.63,595,1.2027777777777775,256.41,74.63,595,1.2027777777777775,236.76,256.41,244.39285714285714,8.013155255135638,240.64,243.06,241.8757142857143,1.0095685075707879
2017-11-07,260.31,74.63,595,1.2027777777777775,256.58,74.63,595,1.2027777777777775,236.76,256.58,246.57571428571427,9.04498545630744,240.64,243.06,241.95285714285714,0.9273926584286183
2017-11-08,259.59,74.63,595,1.2027777777777775,260.31,74.63,595,1.2027777777777775,236.76,260.31,249.07857142857142,10.176111615892365,241.26,243.06,242.26,0.7612708672894161
2017-11-09,257.14,74.63,595,1.2027777777777775,259.59,74.63,595,1.2027777777777775,236.98,260.31,252.34,9.179724033618117,236.76,243.06,241.51285714285714,2.226609637148043
2017-11-10,252.89,74.63,595,1.2027777777777775,257.14,74.63,595,1.2027777777777775,241.71,260.31,255.22,6.2537135634266905,236.76,242.99,240.6442857142857,2.665175773717706
